0,0.548389047678265,1.96353570351204,1.88301627868303,1.85923412310621,0.423121903558337,1.75507636217193,1.60380924188378,1.58845486681755,1.03226722179511,1.04685003652022,1.10631368696886,0.959841398826013,1.76355933771033,0.884900881632751,1.08232620626911,0.598502015539316,1.05772085311072,0.998776468735784,1.08400002768349,1.20363685445702,1.80586495581045,1.25068074912709,1.04043463293901,1.18480654646468,1.39082277454649,0.616228566327771,1.70955623934752,1.84974642903991,1.88649317870293,0.920889302218111,1.90068782502447,1.08895873814169,1.82795625804292,1.0259185074732,1.70443373680479,1.78524633888069,0.925940211347406,0.260385572849637,1.02402804641374,0.966059487690989,1.97809371879612,1.55900440959154,1.10322663792481,1.53044830324184,0.425802835904764,0.965241083113269,1.91384366675919,0.991527299904897,0.60817229472419,0.797378573763133,1.27192399957739,0.27256911531954,1.82500236898233,1.08709357813232,0.933686294330723,1.76299982729641,1.53793732757894,0.666918004121306,1.09162430146298,0.934674189209959,1.51476790045981,0.26691530297914,1.0378209113281,1.34632936120107,0.0960898151603314,1.09466938936542,2.07360415328718,0.931724807959742,0.953648765399191,0.529276153524642,0.704265598968621,0.960683995646547,1.08460884524717
0.548389047678265,0,1.91214196153027,1.70729474828128,1.76574495458392,0.439767124891761,1.56242912845929,1.62274254840265,1.22740151790519,1.00061985714794,0.706078929718568,1.00393562587247,0.898293419203818,1.58906472759088,0.860499785712358,0.975955998648754,1.04320071451534,0.923411905113905,0.877772485372777,1.0387729080057,1.34667120698665,1.45515378193713,0.859248875326997,0.951420572983797,1.43781837431646,1.36719792717768,0.895516978297795,1.79365838817988,1.75250118782196,1.76118396702461,0.876848415633228,1.70512523956535,0.994321501893698,1.99876550753357,0.958987597351144,1.53538050941618,1.47844482926776,0.87748213676434,0.668333295016139,0.939187329482779,0.913964906774945,1.7792885782781,1.15000727134506,0.994855956315521,1.37131233921796,0.825421300070801,0.938824285977156,1.77647677246387,0.906367017816815,0.935431401950971,1.11573657229672,1.38744363300019,0.636658890766591,1.77663304890859,0.979115283420023,0.874722727486106,1.83821697272711,1.15504781957928,0.986236234088914,1.03910386526929,0.886661659990378,1.48501333993471,0.755520517199566,0.501741864917703,1.59869823340497,0.591243937333295,1.00318055764254,1.92807079853821,0.881505325479363,0.853050289811621,0.766299527436528,0.835425871874863,0.878302643390295,0.990814862299334
1.96353570351204,1.91214196153027,0,0.45806345446732,0.215539041185557,1.73390526858601,0.864111412566178,0.685953424703014,1.1985867645593,0.994185915231189,1.45562167311803,0.966393027019091,1.04628700790012,0.645557633808255,1.91795389942042,0.959717208829718,1.72904669661382,1.03210252781338,1.07125713907556,0.949130601169949,1.24578379451233,1.10374526954458,1.69779437463653,1.03096747012439,1.10238397564487,0.783851163369334,1.66856774095291,0.495148655324738,0.519349166238162,0.583552792569495,1.0955453266037,0.671632450638227,0.951069679808626,0.908566948416135,0.980106921738053,1.04558600049371,1.21903396225027,1.08914229042012,1.83706100872751,0.991346796209072,1.03589365199158,0.890754555721768,1.51623903565319,0.962593009847917,1.72062454809727,1.66078355915726,1.04396791703968,0.694780997750576,1.09186457591305,1.97986586090481,1.39880267850293,1.35925231280692,1.73350526222188,0.941344262559563,0.986345435971531,1.08476580607366,1.21914837750627,1.39696607851953,1.71442878286486,1.75247666980897,1.08402979902211,0.49842079909867,1.8302490619873,1.99294878701147,1.34561120245206,2.00985795934149,0.965491097737902,0.357939588070881,1.08274071654417,1.08331669467855,1.48575828103752,1.55745124676469,1.09505363307148,0.978532147171867
1.88301627868303,1.70729474828128,0.45806345446732,0,0.282989963345886,1.61545162937787,0.600891203020912,0.852702708771247,0.817029845092014,0.912764181133726,1.20318156298102,0.824336859237412,0.936963512036486,0.370503464061208,1.76949179636926,0.816952494129356,1.77818017687715,0.862721472726838,0.914148661737054,0.86192625861633,1.34415744884605,0.653225585292847,1.38024332660909,0.897861833086428,1.30003017268692,0.817536535302852,1.66997219199284,0.849175426876133,0.55830964122484,0.468179988380751,0.992784419975079,0.358407714082881,0.818655230221887,1.26924144448655,0.872228984949492,0.837507386359693,0.850494787848037,0.984139876846453,1.79227483608545,0.867939221887157,0.934487960405818,0.637720157811338,1.1665673356332,0.815749973454188,1.52022014376091,1.66491973442172,0.959989245056258,0.55398119121157,0.958437772354343,1.93995071469732,1.48924238902914,1.43369008815174,1.67980597903708,0.932021180887074,0.838939853923123,0.972958571393434,1.31106151582161,1.01288006681204,1.71332798673177,1.60572629499944,0.979592243272425,0.589355168523066,1.8095329883852,1.68620151207539,1.50622588483755,1.93232789971191,0.833845421357435,0.235902599350404,0.977191593731738,0.943135764407232,1.46593432812046,1.52062193362689,0.964640804974524,0.844128259764326
1.85923412310621,1.76574495458392,0.215539041185557,0.282989963345886,0,1.62802745899902,0.66112785183126,0.743307520930672,1.03713321343763,0.861214680970644,1.31844084761806,0.810706653515177,0.91305477145468,0.435173600370633,1.76115747511241,0.810438791543776,1.66677267451708,0.872594287669224,0.918173339948984,0.811729341708716,1.25936660759983,0.90735589474005,1.49596623957579,0.87967439194136,1.11223279945032,0.766781902808948,1.61760601851576,0.596436240976447,0.548774269492072,0.413952556145506,0.961975687826634,0.470668295204912,0.802805704601134,1.05038753379747,0.845482341831374,0.856136645403303,1.00534984725022,0.955222602822943,1.75417850899922,0.85278799768354,0.90471020456932,0.704810392057971,1.37122141056122,0.807264300182413,1.53802380934098,1.59074711064149,0.914959492307267,0.526250288080892,0.941148543289011,1.87086046534442,1.36836892802711,1.37360863823779,1.63289649624937,0.818604215239754,0.830467485540063,0.948728173386694,1.14363983963064,1.18426946793528,1.6192605778224,1.59032423505662,0.949323344378194,0.472807006536485,1.74900841034779,1.81254448084926,1.31089811359681,1.90369307183751,0.813747633907681,0.26632875914765,0.948681088550729,0.939710146230905,1.4098676501208,1.49655834559459,0.948912144653754,0.826278471272021
0.423121903558337,0.439767124891761,1.73390526858601,1.61545162937787,1.62802745899902,0,1.59097844437919,1.32344567997733,1.23459203264723,0.892671726218192,0.659801549520557,0.936746749305911,0.777757622831085,1.5603945178075,1.07123160216204,0.88448721184889,0.816218587441613,0.873004558790996,0.81765792409606,0.93573709808896,0.946044382720916,1.51853704906332,1.15533451782563,0.888213923576662,1.13118460802053,1.08637126198008,0.462357271852529,1.5388397605264,1.5345672114241,1.71245450763252,0.770662471830052,1.68747402857795,0.902640198227278,1.65442130804572,0.836236114447906,1.59794087520256,1.61060943909161,0.769954664153665,0.342511573717144,0.823977888086028,0.788881794637901,1.81129447980219,1.17458511792046,0.923033913076861,1.57877872356296,0.510559847012478,0.819497242444053,1.75339437999187,0.855975537321792,0.943286708091735,0.761809891184436,0.982696396576947,0.470425955144024,1.75980418665397,0.914513243190166,0.770964013186884,1.79506874322927,1.34319627573884,0.904611761606301,1.21793531606269,0.782502359491466,1.25886047752833,0.50151311280559,0.892355077453474,1.44411592732501,0.514510458790568,0.927306371924296,1.81911881826249,0.773107143591499,0.764178027347408,0.414877739229497,0.406024405277742,0.809914638526515,0.918167746520463
1.75507636217193,1.56242912845929,0.864111412566178,0.600891203020912,0.66112785183126,1.59097844437919,0,1.26367604952279,0.996835846739443,0.786381256596461,1.28193264496465,0.683113674005376,0.858393673911314,0.237935230867732,1.37168917739082,0.737224394994249,1.65013426505047,0.725504604848679,0.783688134699308,0.738585047819297,1.6108532603328,0.680175940935359,1.01116073755542,0.736907184950483,1.35712222013074,1.16210272656565,1.73931850029807,1.09893314239339,1.10400205988346,0.333069767573962,0.87390294117821,0.286171056234794,0.725618250468087,1.59597827266207,0.809955387771348,0.248029095469156,0.414181268166287,0.870947515005707,1.74359881946957,0.808464036545368,0.856318074215344,0.223431538115248,1.33845318966915,0.693291652235243,0.959602342394918,1.60869435830181,0.849838677302086,0.277871067697938,0.774829166748375,1.66021151502491,1.51859953455652,1.73333170591474,1.53994322322191,0.526223863670829,0.699478243854458,0.862180184022732,0.943866063860938,0.700456098005683,1.47030035602024,1.15238496665928,0.860548974923071,0.923634424142907,1.7150321414036,1.48406508335842,1.29964317985733,1.77820184306937,0.700145542382166,0.709218801165612,0.866932812562931,0.844116111377036,1.45530594054201,1.62647923625143,0.813388131929346,0.706052074556032
1.60380924188378,1.62274254840265,0.685953424703014,0.852702708771247,0.743307520930672,1.32344567997733,1.26367604952279,0,1.12959561798602,0.925838062634375,1.14265553793167,0.945584289559282,0.903739728265956,1.05861208602117,1.87035005948127,0.886234208305504,1.42760082478091,0.978144059838665,0.983847795629279,0.908153855999351,0.605876912016614,1.29222938068479,1.7332314205832,0.986267356962931,0.824890629101673,0.265643465332651,1.15044568010866,0.542699221973191,0.421506667765561,1.10936578645614,0.965378757012448,1.13962916262064,0.891501018654529,0.593385048338167,0.861086584722688,1.41887194116929,1.53262169170119,0.957032288549212,1.41207413129384,0.868756409868522,0.896243605723697,1.38609510452098,1.31511892231981,0.928649993621324,1.93441542555574,1.2726461341001,0.928702351960074,1.21645740085874,1.03610314366991,1.79337313668104,0.987913921208189,0.69132928525556,1.42036220068377,1.38728036662821,0.952929812206206,0.954434464983036,1.55047185747701,1.53822460024997,1.54063776729228,1.80167354639454,0.960490327820376,0.344256766313782,1.45319482555658,1.825694301706,1.37191262720556,1.67047903802968,0.934720270774597,0.917688735884851,0.951152769448138,0.952639608190968,1.08333357829478,1.03274951432519,1.00518141199034,0.944303613600777
1.58845486681755,1.22740151790519,1.1985867645593,0.817029845092014,1.03713321343763,1.23459203264723,0.996835846739443,1.12959561798602,0,0.996344517064891,0.607137157960024,0.881399417155777,0.915552939153451,0.906656462360031,1.61685918194337,0.833679418085164,1.7556957697528,0.832159978443455,0.858867068573939,0.972407311825088,1.32647823403568,0.452358652375256,1.03558937090147,0.92433272412555,1.55719479037812,0.927006271061921,1.45577903325004,1.40239925357896,0.93648035792455,1.12855691071847,0.974572274952887,0.935083745205833,0.862593811756909,1.70202992186648,0.892303662982515,1.16525123976146,0.909089456507143,0.96321182635114,1.52965939657334,0.86070453802415,0.929501894873835,1.12515632570578,0.364275318278031,0.857838690227295,1.55870401948491,1.5303057567107,0.992741880950068,1.16734485853456,0.956663863814504,1.83869764975838,1.51153695228661,1.34385672541316,1.48947483998229,1.46483553552142,0.871851164520699,0.945024381896204,1.79512956039059,0.73258878456251,1.70255557415868,1.55843230502525,0.967275792298659,0.961622731147181,1.62040839308575,1.09480547750845,1.84733389689857,1.6539671716962,0.895695994685622,1.04059840718366,0.957772155999622,0.873588353215298,1.31080355464049,1.25339883052613,0.938546626227688,0.895248353450306
1.03226722179511,1.00061985714794,0.994185915231189,0.912764181133726,0.861214680970644,0.892671726218192,0.786381256596461,0.925838062634375,0.996344517064891,0,0.861036142528209,0.140372620597536,0.13871251662,0.757841810626864,0.967241351966946,0.162693369472515,0.902304543729311,0.19216295477673,0.18112115709128,0.053484207732329,0.983491393213922,1.02887804958818,0.941318229858614,0.11294398624595,0.729727216554226,0.746349727649599,0.975851755274746,0.870564415409918,1.03983137392534,0.858674834821063,0.126762074445991,0.902354826886609,0.135459750103032,1.22742919385617,0.125413849024678,0.79250928558515,0.972543291706593,0.127816903946649,0.981512966980271,0.15419126283256,0.123555418034671,1.00044673289001,1.20931995996795,0.151344847537541,1.05400971371919,0.826295766640718,0.0736232715814716,0.896795755086501,0.139179857207748,1.03197983382257,0.754518766631191,1.12547172766098,0.797729707972711,0.879878618098117,0.144777547291881,0.132650957394426,0.985436603063056,0.917892208234979,0.809277851959012,0.877115920552067,0.116320569238666,0.659950597143879,0.948537810588428,1.17377392566666,0.864212115752879,1.06419081480797,0.118342909364424,1.07971749663706,0.125224750144422,0.182377548533061,0.677007719853962,0.902707964400908,0.13701944516981,0.119163773153027
1.04685003652022,0.706078929718568,1.45562167311803,1.20318156298102,1.31844084761806,0.659801549520557,1.28193264496465,1.14265553793167,0.607137157960024,0.861036142528209,0,0.808543178370275,0.728080560234469,1.22083003060857,1.32291627996774,0.739105606194102,1.33191244946045,0.728590244555175,0.709848129172035,0.870989715534815,1.03547711820563,0.970596036697987,0.965376406056815,0.806254882230802,1.33846935101923,0.880163238144354,0.944664941035539,1.45269406772166,1.17242719904044,1.42363751660229,0.769557344786597,1.31081746109637,0.772607631251665,1.65672117302688,0.748951034378655,1.36982958465833,1.23033506251619,0.760336483722769,0.983818894948817,0.716653716962033,0.746220824007797,1.47498759659947,0.519921481768082,0.782990897266942,1.54834031317437,1.05340462155748,0.813589976924077,1.46681676457242,0.807829727374626,1.42768698494646,1.13402464573013,1.04038180218069,1.01040771438267,1.62718847167162,0.786763822124235,0.746761698135357,1.82703395352573,0.944159194098644,1.33569989889283,1.366990755349,0.771336509263911,1.03816615465432,1.11084216053595,0.769731717586998,1.68128125407906,1.12363608957888,0.812363547765281,1.4307927432582,0.758122016425189,0.685052627515919,0.849937647682383,0.746401837554561,0.765792158152297,0.805889150399201
1.10631368696886,1.00393562587247,0.966393027019091,0.824336859237412,0.810706653515177,0.936746749305911,0.683113674005376,0.945584289559282,0.881399417155777,0.140372620597536,0.808543178370275,0,0.177177120493519,0.659169393415443,0.993577619581943,0.0885907525891084,1.02920135984369,0.0915392488500304,0.128080614858539,0.1116490609073,1.05194118282651,0.891612846191506,0.855915895681127,0.0735454700064126,0.854899467938076,0.756183675061953,1.06280584843994,0.915290330848459,1.00262302593285,0.787811403123254,0.195019493970245,0.799705952408221,0.0653308180546278,1.29664313725609,0.142377796610838,0.708272097165657,0.84442163656526,0.19017878974334,1.06630742916239,0.143659305743681,0.175836854451953,0.901332210038563,1.11323300118389,0.029293475867754,1.01407204334342,0.935577195885315,0.178786140856264,0.82123219413581,0.13486485368718,1.12284915055638,0.880057755300081,1.1815830695834,0.888515444308902,0.854134527442417,0.0255758387179587,0.180446801539711,1.02058872544978,0.787760380692332,0.919165517361095,0.888964628807007,0.181229438047317,0.657299402253108,1.04870420255957,1.11781599956586,0.978172880309831,1.14075549843516,0.0232218746857841,1.00673207821831,0.185421691929471,0.173077964535694,0.773057922942091,0.966409970232178,0.147102583431802,0.0246103866540468
0.959841398826013,0.898293419203818,1.04628700790012,0.936963512036486,0.91305477145468,0.777757622831085,0.858393673911314,0.903739728265956,0.915552939153451,0.13871251662,0.728080560234469,0.177177120493519,0,0.818166516917006,0.980676967284503,0.132450065914224,0.898850728521596,0.163078184711413,0.122501159490435,0.165700251254913,0.91519458376623,1.00382958364969,0.913790209187037,0.147095526604198,0.768276106505262,0.695032109343897,0.885769003164557,0.929970096208219,1.02264604418869,0.944090804917177,0.0756279512439775,0.957636293143052,0.135973234387163,1.2509926566475,0.0675975580540203,0.882784229833906,1.00395718413256,0.063566810842827,0.899598174720672,0.0713267615630347,0.0201294685780833,1.07521271120645,1.10008016972388,0.165783795738257,1.12189950427603,0.772884504006963,0.0881945748782641,0.986161531403829,0.161081170931142,1.0377847343647,0.72816052163836,1.04337212995856,0.745419790370507,1.00572625376329,0.162831118123478,0.0535097946848441,1.12369414966756,0.900270359033127,0.83379708345124,0.924236935195905,0.0696850611588444,0.664664090217114,0.89240351714191,1.08304966589748,0.97338380292058,1.0015218632735,0.161147447083369,1.1210204596087,0.0566826548539099,0.073727170615901,0.599275468541579,0.792991945653061,0.112011675605273,0.15606829071239
1.76355933771033,1.58906472759088,0.645557633808255,0.370503464061208,0.435173600370633,1.5603945178075,0.237935230867732,1.05861208602117,0.906656462360031,0.757841810626864,1.22083003060857,0.659169393415443,0.818166516917006,0,1.49666434415034,0.691037861840358,1.64393958729948,0.707847096823448,0.766372980596271,0.705024527163942,1.45906901475121,0.641240246583711,1.1419947516993,0.726268431265107,1.26239532941211,0.979344930543484,1.66480504847064,0.925753049914745,0.872603600207124,0.229345046453895,0.851285362320747,0.146606379723418,0.682777296335898,1.41177479969142,0.758695091837678,0.467466377447066,0.578171367417589,0.845933933605868,1.7173419694364,0.757790823603653,0.814814404916184,0.33522783954063,1.26089473287043,0.662347978463796,1.16802729415114,1.57778173581032,0.819501393982921,0.264420597969321,0.777909086750551,1.72503241577874,1.44590236772123,1.57542790960861,1.54617463452606,0.617715553829737,0.677179230769615,0.836332220627624,1.02452246679594,0.807868375862581,1.51232463015326,1.3001469705723,0.837272203372843,0.727901584807154,1.70345341321553,1.54756519671966,1.30971054637507,1.79713813293426,0.673080898025133,0.489783763765552,0.840436053733337,0.815434619409301,1.40564433145554,1.54032577109988,0.804192451814833,0.682003300917695
0.884900881632751,0.860499785712358,1.91795389942042,1.76949179636926,1.76115747511241,1.07123160216204,1.37168917739082,1.87035005948127,1.61685918194337,0.967241351966946,1.32291627996774,0.993577619581943,0.980676967284503,1.49666434415034,0,1.03876372009533,0.971255045389517,0.964515894523122,0.936213378672523,1.00120407131712,1.73341535839943,1.61010279024306,0.788860382264339,0.929093837682957,1.41729083789306,1.66597855306034,1.34764301869681,1.78104688430774,1.9911845293383,1.59014335197391,0.911864877719029,1.61773347461673,1.03010181926262,2.10267267300238,1.0306526627079,1.21344622439984,1.33531183992063,0.921543452304297,1.07216631020341,1.03130435642046,0.984978676153041,1.56604867906861,1.71370937065609,1.00940841303257,0.734576491362223,1.03091791427629,0.948421199328067,1.56428897104221,0.868622341522658,0.557950314800868,1.25768097068338,1.85349344941299,0.782284958811774,1.37586391168905,0.982208927993847,0.927741290158386,1.30276088174533,1.16740269474692,0.652998001310612,0.286343371786471,0.918518785730207,1.62679067969525,0.969344229687795,0.98498661445925,1.1838930590539,0.834945116763206,0.993814493643562,1.94384897448892,0.928148868102419,0.95024074443374,1.0668102425261,1.36699870625142,0.889590211006114,0.98269099406603
1.08232620626911,0.975955998648754,0.959717208829718,0.816952494129356,0.810438791543776,0.88448721184889,0.737224394994249,0.886234208305504,0.833679418085164,0.162693369472515,0.739105606194102,0.0885907525891084,0.132450065914224,0.691037861840358,1.03876372009533,0,1.02478525576092,0.0939755271067189,0.11345183223737,0.144961015857247,0.978811372242201,0.885184502081303,0.886206950101342,0.122358532517809,0.838653738129551,0.683872343361072,1.00375994132197,0.902692093268896,0.95267643645037,0.828809602963817,0.182666375318577,0.828599943345251,0.0343191584371359,1.26157601652446,0.0863226047538099,0.782264414758003,0.889943756229199,0.17311271796935,1.02696197067206,0.0723153047723274,0.135453708164478,0.952620551989543,1.05386728266822,0.0616509458682062,1.09301663951968,0.905119764175898,0.173191287659622,0.870555468973482,0.175319536607985,1.14514923422178,0.844365514502914,1.10276796351109,0.872684510005816,0.928062545258893,0.0791389328025422,0.15925121383602,1.09642538398817,0.812100244801343,0.942332563910304,0.953331609884653,0.169981998039589,0.613536651566415,1.02377675118882,1.10378412723294,1.02251771133669,1.12357339855023,0.0847337732723851,1.00621379478665,0.166383609938954,0.131643549333764,0.727407396604419,0.896033769018267,0.156741042627453,0.0853374592716941
0.598502015539316,1.04320071451534,1.72904669661382,1.77818017687715,1.66677267451708,0.816218587441613,1.65013426505047,1.42760082478091,1.7556957697528,0.902304543729311,1.33191244946045,1.02920135984369,0.898850728521596,1.64393958729948,0.971255045389517,1.02478525576092,0,1.03037559528491,0.977931456950472,0.952501600642014,1.08791706727322,1.89436027950406,1.47234130564081,0.967334879944522,0.751712623997669,1.28878141918645,0.692826153681028,1.37377981292569,1.73461137366636,1.69807789366716,0.849310163451134,1.79047481565346,1.01453569154297,1.47138314551953,0.948077681779396,1.58266285160302,1.80868596538147,0.858060985399292,0.554832270208621,0.967040908995497,0.892191460253556,1.85765283050867,1.83379160438718,1.03560368447183,1.49906119482348,0.333365859757221,0.85697813696334,1.73289842783892,0.929095662030284,0.521176266227058,0.474066130466419,1.22257206071411,0.406615143636035,1.55873736529478,1.02203185030607,0.874459948360996,1.38797817958336,1.68005313135179,0.355265537487488,1.07177613857679,0.861550930383522,1.33873208300005,0.368606059889402,1.47585135089514,0.836477675714429,0.583278953204749,1.00993362774196,1.91818195392239,0.863837735804828,0.933263415499733,0.521139101157593,0.842904987101599,0.909944816756361,1.0050019964774
1.05772085311072,0.923411905113905,1.03210252781338,0.862721472726838,0.872594287669224,0.873004558790996,0.725504604848679,0.978144059838665,0.832159978443455,0.19216295477673,0.728590244555175,0.0915392488500304,0.163078184711413,0.707847096823448,0.964515894523122,0.0939755271067189,1.03037559528491,0,0.060014273910764,0.184124503575508,1.05322121941829,0.8696211550278,0.794484838274992,0.094738370940261,0.906016630595977,0.770621416718585,1.03210250882482,0.988952124955812,1.03144451210409,0.853653873243934,0.184433726705937,0.843210233848219,0.102489704028553,1.35340718971866,0.152797754273479,0.751508041529972,0.842827600410687,0.177550778436783,1.02449582892175,0.134493282222489,0.172112443412821,0.946028968553728,1.04569758639192,0.0789278632084891,1.01666197984179,0.914961790357808,0.1978056985179,0.884161608587328,0.127805806968823,1.10747022527443,0.889832069089775,1.17325087372323,0.854320389301847,0.929945819198245,0.067212400296529,0.162098744024763,1.09870435009672,0.744155694942598,0.921119529138688,0.878559486174938,0.173174245145886,0.703576824334736,1.01876093825846,1.0301367765335,1.04440795967126,1.09506488888541,0.101539323812446,1.05725112979454,0.173315078440091,0.12173986306043,0.746265250852779,0.926790294378268,0.122606246410171,0.0915491356354061
0.998776468735784,0.877772485372777,1.07125713907556,0.914148661737054,0.918173339948984,0.81765792409606,0.783688134699308,0.983847795629279,0.858867068573939,0.18112115709128,0.709848129172035,0.128080614858539,0.122501159490435,0.766372980596271,0.936213378672523,0.11345183223737,0.977931456950472,0.060014273910764,0,0.189831090075221,1.02409494098003,0.918285506684027,0.800975335295424,0.0974585724908243,0.881864245685526,0.771079538922893,0.977871005043981,1.0043367134762,1.05840302203962,0.908535249528474,0.136659716903457,0.902345351309111,0.123220544148059,1.35203321776127,0.136951011964684,0.802201348938666,0.895357000987893,0.12952214890198,0.964740734929801,0.118232432084493,0.135164236453673,1.00456532210507,1.05453260122174,0.11743098801219,1.03234975084158,0.856877426193587,0.165217887881656,0.939949016758321,0.107883911096721,1.06003244195456,0.842948468992834,1.14429586022742,0.795539998258311,0.971800955208343,0.102997005877258,0.112982112837648,1.1195073990184,0.780742124026567,0.875518180492604,0.865736611949438,0.127739401399036,0.723223449300069,0.959302259796668,1.00949348629376,1.03134274829351,1.03681493085281,0.128111175485575,1.10804385120555,0.126133921257113,0.0682321617837508,0.689224182808082,0.87696637714339,0.0798480644501233,0.116479554683479
1.08400002768349,1.0387729080057,0.949130601169949,0.86192625861633,0.811729341708716,0.93573709808896,0.738585047819297,0.908153855999351,0.972407311825088,0.053484207732329,0.870989715534815,0.1116490609073,0.165700251254913,0.705024527163942,1.00120407131712,0.144961015857247,0.952501600642014,0.184124503575508,0.189831090075221,0,0.999175802640515,0.990348723490537,0.944733157333164,0.113808834957242,0.748006123371989,0.733532071700435,1.01819470752486,0.845449063933939,1.00500194101467,0.806753689942218,0.170372256995505,0.849636951721671,0.112357357617268,1.21797357399418,0.130925703792754,0.753813719077574,0.935498711484777,0.169040863110465,1.03183869189533,0.157505695267246,0.152259876624657,0.951381614740218,1.19880675209204,0.124796603994653,1.05192657579572,0.877346209449593,0.121315485815115,0.846114583883305,0.158688808769613,1.08072981481842,0.79457467989884,1.14048151793291,0.850911075380501,0.843250673920614,0.124460103616496,0.169393282596681,0.969637523692115,0.896085347739722,0.857221674386419,0.899322620618589,0.158104299661995,0.629306327941133,1.0012886662423,1.19403116234133,0.879601878475947,1.11647288002178,0.0905872857911123,1.02823387081673,0.165098554913322,0.203012828534172,0.724284568576615,0.938876329403254,0.164527245588049,0.0969324423381009
1.20363685445702,1.34667120698665,1.24578379451233,1.34415744884605,1.25936660759983,0.946044382720916,1.6108532603328,0.605876912016614,1.32647823403568,0.983491393213922,1.03547711820563,1.05194118282651,0.91519458376623,1.45906901475121,1.73341535839943,0.978811372242201,1.08791706727322,1.05322121941829,1.02409494098003,0.999175802640515,0,1.60427968338263,1.7535810528024,1.05237721714094,0.730260519479416,0.533035199602542,0.632861233847377,0.951655931250051,0.979501822075338,1.54278018299917,0.956135894259961,1.57194501562277,0.988963613386943,0.826990497772974,0.915373628439535,1.70727900215116,1.81599587805329,0.950590826641254,0.964153875843455,0.921749517241883,0.911177730893887,1.78567762318001,1.38012260863462,1.03385304963406,2.02569392718247,0.870115678358587,0.943938609796277,1.63334012625356,1.07272079425307,1.51979073876074,0.626136149911617,0.185668536416601,1.0815730560964,1.70810359941237,1.04761628670601,0.953226959379817,1.76294802279296,1.70768062504319,1.31014849852051,1.75667875108997,0.960030229689612,0.787272626932128,1.03826820792218,1.68421835532406,1.37439740094901,1.27933268321584,1.03461064760749,1.46391357841967,0.948083583080979,0.963206068335373,0.715256721482945,0.560394587312852,1.0240317222224,1.03788075157148
1.80586495581045,1.45515378193713,1.10374526954458,0.653225585292847,0.90735589474005,1.51853704906332,0.680175940935359,1.29222938068479,0.452358652375256,1.02887804958818,0.970596036697987,0.891612846191506,1.00382958364969,0.641240246583711,1.61010279024306,0.885184502081303,1.89436027950406,0.8696211550278,0.918285506684027,0.990348723490537,1.60427968338263,0,0.975321318758881,0.946590864076931,1.65541849238677,1.13393783615297,1.74369956069332,1.40584939540256,1.03104093022537,0.857232950801509,1.04966576388824,0.620184291250438,0.901533070400251,1.80647313343834,0.966422711066702,0.863565480940183,0.536931885574809,1.04064190260654,1.77972682580646,0.941712352607799,1.01360710071843,0.753560834618807,0.781928246320943,0.879317487285719,1.3469088045822,1.73449682291205,1.05482086849327,0.863801605861901,0.983624451224018,1.91858795470519,1.69598232621888,1.66068057188905,1.66455865345647,1.20067114676262,0.891170245065878,1.02338895723272,1.59368127253265,0.532556158672766,1.77123614873828,1.47924836396728,1.03856705676584,1.03580907480243,1.82700626807832,1.25775293997021,1.80552237958407,1.85406837889502,0.911863500660272,0.851631371399004,1.03526893130862,0.961886141435007,1.53245398630726,1.56623709848288,0.991025715926397,0.913487627816033
1.25068074912709,0.859248875326997,1.69779437463653,1.38024332660909,1.49596623957579,1.15533451782563,1.01116073755542,1.7332314205832,1.03558937090147,0.941318229858614,0.965376406056815,0.855915895681127,0.913790209187037,1.1419947516993,0.788860382264339,0.886206950101342,1.47234130564081,0.794484838274992,0.800975335295424,0.944733157333164,1.7535810528024,0.975321318758881,0,0.834826763939522,1.64498411240047,1.50220556633514,1.53312128176506,1.759430873692,1.6936913109248,1.31497288016428,0.89195183830609,1.21840074776978,0.895035401285124,2.1476636534525,0.937482443092619,0.939454872799923,0.771396791385634,0.89238218169887,1.36591215507568,0.915212440928815,0.92806047538146,1.18462469420525,1.1404414562552,0.859098248873711,0.737051665944192,1.37343825639589,0.936448339579479,1.28055148881034,0.804327981151295,1.24890826711917,1.52974298582711,1.8366592795485,1.16704541199722,1.3066222120213,0.841125036126658,0.882743628499827,1.49182870174195,0.466436809111169,1.23769264941514,0.74100534879271,0.890362573964619,1.45733386828264,1.36892168433471,0.593056495680047,1.58889000292869,1.2590872754495,0.872656415054474,1.58736555171871,0.894121198925469,0.844632842969203,1.26908260355121,1.43306567223671,0.824565962469346,0.862065254658909
1.04043463293901,0.951420572983797,1.03096747012439,0.897861833086428,0.87967439194136,0.888213923576662,0.736907184950483,0.986267356962931,0.92433272412555,0.11294398624595,0.806254882230802,0.0735454700064126,0.147095526604198,0.726268431265107,0.929093837682957,0.122358532517809,0.967334879944522,0.094738370940261,0.0974585724908243,0.113808834957242,1.05237721714094,0.946590864076931,0.834826763939522,0,0.841596715325106,0.792245688654354,1.02266031433723,0.95465560706927,1.06385435231018,0.849947793013176,0.138832010781828,0.867057725847592,0.103769652041386,1.32259773480766,0.141171890534491,0.742235390554626,0.88348716442794,0.137025289926114,1.00842787905818,0.145257313144109,0.146544744913767,0.956920697397252,1.13869552138069,0.0872213657918572,0.990984310517499,0.87784513440673,0.134981854182042,0.879453987636463,0.0628432117926497,1.05026395407064,0.842225693313083,1.18353422775012,0.820687923439315,0.88480095864537,0.0632280188662509,0.129792728132647,1.02273257101454,0.808217555200557,0.850488016181299,0.835453601525542,0.126310789453101,0.710012198356456,0.985193652123277,1.08463168930114,0.95041967412391,1.07239979208887,0.0671869462257442,1.07913243299584,0.134329155303995,0.138930382353009,0.72388978028438,0.935816417205548,0.081126505138253,0.0554595499768312
1.18480654646468,1.43781837431646,1.10238397564487,1.30003017268692,1.11223279945032,1.13118460802053,1.35712222013074,0.824890629101673,1.55719479037812,0.729727216554226,1.33846935101923,0.854899467938076,0.768276106505262,1.26239532941211,1.41729083789306,0.838653738129551,0.751712623997669,0.906016630595977,0.881864245685526,0.748006123371989,0.730260519479416,1.65541849238677,1.64498411240047,0.841596715325106,0,0.805060661587476,0.88117753878703,0.663907402315564,1.16497058213646,1.2615068519408,0.765490077095127,1.39625334961904,0.822135210414326,0.743891149337783,0.763995668336501,1.37154594359971,1.65053348223607,0.768279050229868,1.02717480804905,0.795045607841773,0.751177663493261,1.52528170839857,1.73106902101248,0.857676071948183,1.63693535435949,0.776596912561614,0.722846741290202,1.33227398127549,0.853446862364608,1.17421511172657,0.433651052368797,0.915093821136402,0.946665889175001,1.23340130235591,0.862885953542753,0.781940057504463,1.14167100623059,1.64261020494722,0.89353246382898,1.37506305885706,0.76844822837417,0.779369530062314,0.955233693551748,1.7743983223922,0.667909768353471,1.21461875909198,0.832355390684266,1.3761222739434,0.768293682197315,0.840667714492033,0.724738019867626,0.922362521495527,0.834244715021959,0.837909146748745
1.39082277454649,1.36719792717768,0.783851163369334,0.817536535302852,0.766781902808948,1.08637126198008,1.16210272656565,0.265643465332651,0.927006271061921,0.746349727649599,0.880163238144354,0.756183675061953,0.695032109343897,0.979344930543484,1.66597855306034,0.683872343361072,1.28878141918645,0.770621416718585,0.771079538922893,0.733532071700435,0.533035199602542,1.13393783615297,1.50220556633514,0.792245688654354,0.805060661587476,0,0.976009726167785,0.673878021172855,0.491913621459298,1.07705298851937,0.762171486434216,1.07475443627398,0.69617452229917,0.806199617206231,0.659171467273179,1.30693470572221,1.38090270693868,0.752462765027693,1.21228282639049,0.659955507761654,0.691484611123579,1.31414997629493,1.09334881900036,0.734723194588932,1.76692145321962,1.09897034538807,0.736969972019397,1.1734786327865,0.838304001559485,1.61640059146999,0.871682093494571,0.617968724932384,1.22014065400024,1.34273742552373,0.758183381783391,0.747526360465332,1.51698233692148,1.33414260706716,1.38370949448562,1.61580832145825,0.758117546007189,0.314582462098328,1.26839598986234,1.56340480046023,1.33196865724759,1.46091075913955,0.746223202812145,0.946684353348816,0.746484704548077,0.735033118110477,0.888952284110029,0.831447043841968,0.800526906337366,0.753682663134613
0.616228566327771,0.895516978297795,1.66856774095291,1.66997219199284,1.61760601851576,0.462357271852529,1.73931850029807,1.15044568010866,1.45577903325004,0.975851755274746,0.944664941035539,1.06280584843994,0.885769003164557,1.66480504847064,1.34764301869681,1.00375994132197,0.692826153681028,1.03210250882482,0.977871005043981,1.01819470752486,0.632861233847377,1.74369956069332,1.53312128176506,1.02266031433723,0.88117753878703,0.976009726167785,0,1.36888348979838,1.46668440409693,1.7769098763629,0.886898886004576,1.79795510076961,1.0146332799501,1.3550307011039,0.92989513496985,1.76308825008298,1.85769429120531,0.886526909285928,0.358245556048773,0.931831565235746,0.887654694981424,1.95113700648533,1.43436129715023,1.04992561729777,1.83972471943793,0.38441012569066,0.908125227807448,1.83843258656259,1.00519901076872,1.0563413549173,0.472476705758802,0.680744226642522,0.585734136466527,1.82504990524511,1.04814458342599,0.893114879978049,1.80680966741929,1.65799212094219,0.941905664804438,1.46466207218192,0.898384574638915,1.18132851124109,0.480015618320819,1.34729730282055,1.33847418930297,0.695680996559243,1.04556683633692,1.83748852415056,0.888665491323239,0.910940717672559,0.328862990661794,0.221787991526013,0.955458953059184,1.04119805427603
1.70955623934752,1.79365838817988,0.495148655324738,0.849175426876133,0.596436240976447,1.5388397605264,1.09893314239339,0.542699221973191,1.40239925357896,0.870564415409918,1.45269406772166,0.915290330848459,0.929970096208219,0.925753049914745,1.78104688430774,0.902692093268896,1.37377981292569,0.988952124955812,1.0043367134762,0.845449063933939,0.951655931250051,1.40584939540256,1.759430873692,0.95465560706927,0.663907402315564,0.673878021172855,1.36888348979838,0,0.714587287560675,0.867200769667686,0.964800304920159,1.01490822650446,0.887618935150047,0.51386578457444,0.878662956449693,1.20444420438168,1.46660396269156,0.961513422326722,1.55717636993475,0.902829163390461,0.913877095299977,1.19325705820617,1.66572442093357,0.914495887011122,1.74216071839096,1.34424741875718,0.905756221825462,0.967479245799116,1.0036103413487,1.70898464038354,1.0249311098241,1.10203730765687,1.46869214467723,1.02152989134262,0.934066872675671,0.964951128290622,1.11616180255216,1.57673033958556,1.42382975729809,1.65338207401712,0.957811140114478,0.453078299555951,1.52626499964691,1.99495941038397,1.00920061432224,1.75115910477239,0.902849638096971,0.833515621440049,0.956857626061922,0.992386577345576,1.20777842306044,1.31221135379974,0.997434905073488,0.915255755972674
1.84974642903991,1.75250118782196,0.519349166238162,0.55830964122484,0.548774269492072,1.5345672114241,1.10400205988346,0.421506667765561,0.93648035792455,1.03983137392534,1.17242719904044,1.00262302593285,1.02264604418869,0.872603600207124,1.9911845293383,0.95267643645037,1.73461137366636,1.03144451210409,1.05840302203962,1.00500194101467,0.979501822075338,1.03104093022537,1.6936913109248,1.06385435231018,1.16497058213646,0.491913621459298,1.46668440409693,0.714587287560675,0,0.941631337439932,1.09264399902794,0.905630455636509,0.961540471128607,0.916897752715725,0.96633670433929,1.31160523384783,1.34477397989583,1.0823711710151,1.69020652329567,0.964620057398913,1.019029259916,1.18037511780401,1.17967458896431,0.984588885731782,1.92267020107685,1.57243184834979,1.05935573824976,1.04834447250371,1.12330714519578,2.02523685127051,1.33443865081932,1.03216912662956,1.66861635857606,1.33690330901074,1.01183065283077,1.07386464885769,1.61187224969669,1.39690762484407,1.78274567314257,1.88671127119633,1.08363000774476,0.423133663933662,1.74001042857269,1.84240916216727,1.59919665869479,1.91636988563033,1.00122266847627,0.609535282119761,1.07519876248067,1.05040235052352,1.36212463761748,1.31181094109303,1.1030608909864,1.01153395394948
1.88649317870293,1.76118396702461,0.583552792569495,0.468179988380751,0.413952556145506,1.71245450763252,0.333069767573962,1.10936578645614,1.12855691071847,0.858674834821063,1.42363751660229,0.787811403123254,0.944090804917177,0.229345046453895,1.59014335197391,0.828809602963817,1.69807789366716,0.853653873243934,0.908535249528474,0.806753689942218,1.54278018299917,0.857232950801509,1.31497288016428,0.849947793013176,1.2615068519408,1.07705298851937,1.7769098763629,0.867200769667686,0.941631337439932,0,0.969484899742357,0.254434889802231,0.813218510139064,1.37302715662229,0.883306586517883,0.498225888922869,0.7314902722402,0.965968532838056,1.83570925181397,0.890678136798655,0.936541720469615,0.333585246414339,1.48318194572802,0.796198418747359,1.22255168106159,1.66930052695638,0.927465236774424,0.113293856732526,0.900167421752318,1.79377036247857,1.50500088419863,1.67266587874405,1.65147181166745,0.482416330080292,0.809839328979236,0.959959092303291,0.899617109940054,1.0065103981797,1.56464770549705,1.37267271786309,0.955819040743993,0.787383777916218,1.80260037774913,1.74593936913738,1.25027699443533,1.91436151150528,0.797487106570637,0.478072907876938,0.960978109311327,0.954425830312362,1.51305455312132,1.6709119792565,0.93074881070156,0.807794898631069
0.920889302218111,0.876848415633228,1.0955453266037,0.992784419975079,0.961975687826634,0.770662471830052,0.87390294117821,0.965378757012448,0.974572274952887,0.126762074445991,0.769557344786597,0.195019493970245,0.0756279512439775,0.851285362320747,0.911864877719029,0.182666375318577,0.849310163451134,0.184433726705937,0.136659716903457,0.170372256995505,0.956135894259961,1.04966576388824,0.89195183830609,0.138832010781828,0.765490077095127,0.762171486434216,0.886898886004576,0.964800304920159,1.09264399902794,0.969484899742357,0,0.992648609480164,0.176770183203397,1.28729071315945,0.129227174743231,0.876895560776779,1.01536058077655,0.0125140049930173,0.87499640838872,0.139408830968591,0.0744315409540374,1.09274949138706,1.15403632823287,0.194100969361613,1.07268234077368,0.741786172453428,0.0632858847256102,1.00546759379215,0.124867734381064,0.968492004024697,0.716339286711452,1.08829327522004,0.698524165573896,0.994734255617732,0.181315187752677,0.0296132802325675,1.08934245327026,0.910510744829126,0.765299010670727,0.856674414449316,0.0140204333177532,0.725942794861327,0.854116107821807,1.07196627789206,0.928189241988242,0.95680016283066,0.178752135899336,1.17295276875417,0.0193077596827821,0.102765022448252,0.585237239340292,0.809869049743633,0.0797603896902226,0.171088618323237
