0,1.74840988642989,1.54708667832629,1.65217887881655,1.57390433974578,2.10380745393986,1.9293083390926,1.45458828135704,1.96237979307777,0.632077487015065,1.58851457575594,1.75465198542179,1.9610581720459,1.59693886907803,1.92576852440011,1.7544224927773,1.58103699565684,1.48912288046994,1.74744835969851,1.54446314800349,2.08106206417414,1.34981854182042,1.6799033361062,1.41552389987201,2.01912224006012,1.26785368902772,1.51974250063592,0.753977350563257,0.736232715814716,2.1328624849745,1.21315485815115,1.78786140856264,1.73191287659622,1.7365398767116,0.569877500095497,1.41675310885377,1.7486719175307,1.95070354453675,2.31091343139527,2.40762259251536,0.738573532662204,1.10471207278727,1.67873697135845,1.72109371492909,1.57959230541208,2.28247557138117,1.72884716489752,2.1807646028151,1.948507895971,2.06843712181378,0.729362008043076,2.66834445410215,1.88939681426219,1.40990912277779,1.96252800300559,1.81166601308864,0.632858847256102,1.66583542024978,1.978056985179,1.76613475803038,2.41300592020099,0.667903924715588,1.82310190998164,1.12712824827121,2.03746557301479,1.35464705623264,1.18829933871035,1.29229968139068,0.647873482470862,0.881945748782641,2.20414768620456,1.989248657628,1.41023635277876,1.51734311912156
1.74840988642989,0,1.36836892802711,1.42887374844076,1.76115747511241,1.18426946793528,1.75417850899922,1.87086046534442,0.26632875914765,1.57499993979438,0.526250288080892,1.74900841034779,0.282989963345886,0.413952556145506,1.85923412310621,0.472807006536485,1.07639823554309,0.596436240976447,0.704810392057971,1.59223186060733,1.62802745899902,1.81397433794407,1.63289649624937,1.18220668928394,1.25936660759983,1.6192605778224,1.53802380934098,1.50908723350601,1.93053335467886,0.548774269492072,1.91268247646168,1.68978466716046,0.841605525917718,1.4098676501208,1.6798325363337,1.59032423505662,1.05038753379747,0.743307520930672,1.31844084761806,1.81254448084926,1.14363983963064,0.696822344511282,1.59074711064149,0.435173600370633,1.59737908643925,0.90735589474005,1.57022422424791,1.76574495458392,0.766781902808948,1.49655834559459,1.10701868658985,1.37122141056122,1.90369307183751,2.20075833399866,1.00534984725022,1.44396331449967,1.76747798118039,0.66112785183126,1.5305814147571,0.215539041185557,1.03713321343763,1.31089811359681,0.470668295204912,1.81591746798689,1.49596623957579,0.419461134615223,0.818604215239754,1.11223279945032,1.64691164067852,1.04029262017538,1.37360863823779,1.61760601851576,1.66677267451708,0.856136645403303
1.54708667832629,1.36836892802711,0,1.84839209885359,1.25768097068338,1.61597067149364,0.608820876945598,0.943564237963969,1.61922255120991,1.17893721097351,1.56709831983132,0.560022120503313,1.48924238902914,1.50500088419863,0.797378573763133,0.969031866648442,2.1125785117709,1.0249311098241,1.71845966283352,2.39895373294361,0.761809891184436,2.31200097218642,0.60326145500232,1.18253649351149,0.626136149911617,0.720307999967297,1.65250255928638,1.1612161637749,2.16857377753185,1.33443865081932,2.46626701788283,2.59376381687872,1.99233418480984,0.355260934917603,1.33419763347948,1.30247292247326,1.05517295585117,0.987913921208189,1.13402464573013,1.52529791152084,1.4095281809136,1.33571476520567,0.374596734420027,1.44590236772123,2.44679833184765,1.69598232621888,2.43548065694883,1.11573657229672,0.871682093494571,0.569353171186327,0.955526752251098,1.60111075023171,0.838777117389309,2.3666790944414,1.7238552654393,2.44011138335514,1.30426250479085,1.51859953455652,2.31217591038279,1.39880267850293,1.51153695228661,0.896109321477705,1.58684684407253,1.82169927798138,1.52974298582711,1.28639757614183,1.48787160399905,0.433651052368797,1.2098877250209,0.864506102832467,0.777927381999542,0.472476705758802,0.474066130466419,1.52181984871314
1.65217887881655,1.42887374844076,1.84839209885359,0,1.08301940107012,0.832600236489085,1.91179314099278,1.54464871991739,1.49217386562287,1.26133921257113,0.969023177827143,1.84094944970341,1.38291806235438,1.06230318431128,1.81467744544175,1.60598787644127,1.23220544148059,1.73962493700908,0.844605783432591,1.16479554683479,1.79625604558476,0.974585724908243,1.63562295393833,0.682321617837508,2.14013716214438,1.46612305366229,0.369614515635093,1.12982112837648,1.8112115709128,1.85869715406492,1.89831090075221,1.28080614858539,1.1345183223737,1.72859602818999,1.27739401399036,0.824812997661856,2.22525629746203,1.94570232684006,1.63881268255362,1.44042245195269,1.03402343468947,1.36951011964684,1.80659549681152,1.0224688962347,1.28111175485575,1.20063973257618,1.02997005877258,1.60390092461458,1.79913899942512,1.98199942764329,1.35164236453673,1.76206380396027,1.80080352606559,1.07883911096721,0.673892246595568,1.1743098801219,1.36659716903457,0.787559368794729,0.60014273910764,1.61934845149618,1.50651535854385,1.4589015262042,1.06008566691334,0.798480644501233,0.850502718069362,1.18232432084493,0.845837160114518,1.77415861536876,1.2952214890198,1.22501159490435,2.27176702832298,2.04898558190318,1.7703049468999,0.573940028339906
1.57390433974578,1.76115747511241,1.25768097068338,1.08301940107012,0,1.16740269474692,1.07216631020341,0.557950314800868,1.94384897448892,0.944451533007392,1.56428897104221,0.969344229687795,1.76949179636926,1.59014335197391,0.884900881632751,1.62679067969525,2.03014272910755,1.78104688430774,1.56604867906861,2.03994505495351,1.07123160216204,1.72658764171927,0.782284958811774,0.627179832824812,1.73341535839943,0.652998001310612,0.734576491362223,0.824773044654959,2.11242250695026,1.9911845293383,2.42695770256967,2.22521977659773,1.93059807487639,1.0668102425261,1.0213596710718,0.286343371786471,2.10267267300238,1.87035005948127,1.32291627996774,0.98498661445925,1.30276088174533,1.66021846146225,1.03091791427629,1.49666434415034,2.14549739189721,1.61010279024306,2.00322345316704,0.860499785712358,1.66597855306034,1.36699870625142,1.24057789223012,1.71370937065609,0.834945116763206,1.5256139463262,1.33531183992063,2.13402102733968,0.990807992713677,1.37168917739082,1.68169539998636,1.91795389942042,1.61685918194337,1.1838930590539,1.61773347461673,1.0018182744354,0.788860382264339,1.52842384868453,1.37586391168905,1.41729083789306,0.936460271234661,1.07680567998164,1.85349344941299,1.34764301869681,0.971255045389517,1.21344622439984
2.10380745393986,1.18426946793528,1.61597067149364,0.832600236489085,1.16740269474692,0,1.5856725829871,1.57142181665067,1.21565464494662,1.62572417230215,0.974187006497569,1.60554356505041,1.01288006681204,1.0065103981797,1.53793732757894,1.24532081358065,1.57593826020699,1.57673033958556,0.840577283185735,1.78299967639515,1.34319627573884,1.75236179202337,1.41313313946579,0.748452314032028,1.70768062504319,1.48317877865576,0.905785239259396,1.4858818176313,2.39200668271911,1.39690762484407,2.46685663601418,1.86412627232497,1.31211307949581,1.40054850701393,1.71556962457043,1.04467440231999,1.99951646779357,1.53822460024997,0.944159194098644,0.894923248838591,1.45138565392956,1.50478726811895,1.55823427463522,0.807868375862581,1.86635387832762,0.532556158672766,1.62722622687822,1.15504781957928,1.33414260706716,1.51687151384416,1.53705856048138,0.94718857377571,1.56536031826698,1.89158469039993,0.390546915665849,1.65148826474184,1.7738904935788,0.700456098005683,1.11916562048668,1.39696607851953,0.73258878456251,1.65365547094732,0.846572693476368,1.49786187227481,0.466436809111169,1.17850035860616,1.13933207094191,1.64261020494722,1.66924006086492,1.35527448025122,1.78587052802978,1.65799212094219,1.68005313135179,0.726412960792003
1.9293083390926,1.75417850899922,0.608820876945598,1.91179314099278,1.07216631020341,1.5856725829871,0,0.767108951312858,1.97459735917099,1.41755451218621,1.87776998456738,0.202954708470724,1.79227483608545,1.83570925181397,0.260385572849637,1.36784359310712,2.48328420501825,1.55717636993475,1.96479399828787,2.70829108065152,0.342511573717144,2.541249535864,0.315970518512823,1.24138410785745,0.964153875843455,0.734839202799553,1.65653679332041,1.36600746484568,2.58460395426529,1.69020652329567,2.90734735890697,2.89646052385797,2.32876516538227,0.353707438381167,1.563018579701,1.23843265995282,1.62291514986687,1.41207413129384,0.983818894948817,1.16072395219967,1.76605624073995,1.81253812062631,0.271448882967355,1.7173419694364,2.77911417898656,1.77972682580646,2.70164326802255,0.668333295016139,1.21228282639049,0.477007104335844,1.39593444838365,1.50242731039454,0.339008030962873,2.47980707199658,1.81457251546532,2.74296340386594,1.50420813445466,1.74359881946957,2.44148262001118,1.83706100872751,1.52965939657334,1.31095700339054,1.85520728403795,1.92015254967793,1.36591215507568,1.68992398101392,1.81581332605172,1.02717480804905,1.42680416210249,1.25488490667596,1.02694597896514,0.358245556048773,0.554832270208621,1.7228844909292
1.45458828135704,1.87086046534442,0.943564237963969,1.54464871991739,0.557950314800868,1.57142181665067,0.767108951312858,0,2.09919871713375,0.869451921638512,1.7968666822999,0.594530507737642,1.93995071469732,1.79377036247857,0.60817229472419,1.6273653536785,2.26321083192198,1.70898464038354,1.86690556540958,2.32433396021539,0.943286708091735,2.02996817548332,0.499725685075674,0.962911923118156,1.51979073876074,0.292690091580082,1.21096052456595,0.820137746645029,2.12081825280414,2.02523685127051,2.50740360954476,2.53551101571521,2.18902985822072,0.834684357189954,0.974918057242151,0.736401245922892,1.91169997529702,1.79337313668104,1.42768698494646,1.28718962649665,1.40118354473918,1.69646198489757,0.687024937723492,1.72503241577874,2.41323101099571,1.91858795470519,2.34168787120043,0.935431401950971,1.61640059146999,1.16197699162007,1.14977160160271,1.90956844154182,0.532339200878799,1.8386081999781,1.72850111261803,2.44930697073799,0.887563132283322,1.66021151502491,2.12870126558255,1.97986586090481,1.83869764975838,1.00919401103645,1.86524030268934,1.30001865901453,1.24890826711917,1.64055356226159,1.57981796834077,1.17421511172657,0.847549597750585,1.02639400259477,1.64450392878659,1.0563413549173,0.521176266227058,1.53305529903497
1.96237979307777,0.26632875914765,1.61922255120991,1.49217386562287,1.94384897448892,1.21565464494662,1.97459735917099,2.09919871713375,0,1.80040809984194,0.568455408065036,1.98115522614748,0.235902599350404,0.478072907876938,2.07360415328718,0.689646576230299,1.05405738052926,0.833515621440049,0.684237313101539,1.6004252697011,1.81911881826249,1.88021656625828,1.85800509805277,1.34508824296004,1.46391357841967,1.85823078018554,1.65413339857722,1.7277247143535,2.07500944769589,0.609535282119761,1.99491144190758,1.66003853275207,0.776250756718909,1.6372372923009,1.89672647933616,1.76301387612747,1.25109184987541,0.917688735884851,1.4307927432582,1.91709120780036,1.32377604801119,0.88685984548775,1.82793595396875,0.489783763765552,1.59696424209678,0.851631371399004,1.54954677604741,1.92807079853821,0.946684353348816,1.6988882607238,1.35101752973941,1.38655232797172,2.12049185372284,2.30735685919324,1.00156626841538,1.39215322934153,1.99145722218535,0.709218801165612,1.49799358784999,0.357939588070881,1.04059840718366,1.56097715466196,0.442277624302755,1.96165247345329,1.58736555171871,0.615000615880572,0.945874159099704,1.3761222739434,1.8723269674961,1.28456257289941,1.55842487330097,1.83748852415056,1.91818195392239,0.936033068631412
0.632077487015065,1.57499993979438,1.17893721097351,1.26133921257113,0.944451533007392,1.62572417230215,1.41755451218621,0.869451921638512,1.80040809984194,0,1.39230191712865,1.24341305775726,1.72459504921915,1.4065289511268,1.36675909699913,1.5076678823966,1.6235712085409,1.40162302784757,1.5080495505719,1.61814020888383,1.54507180843254,1.34329155303995,1.13107450736837,0.884782895272297,1.7177068323847,0.704842059310225,1.03155029859723,0.147748741889238,1.25224750144422,1.91898897700447,1.65098554913322,1.85421691929471,1.66383609938954,1.26278338803602,0.157688347874587,0.812511703679196,1.7102783504885,1.73853903288808,1.80658867124093,1.80535678698595,0.663943109451535,1.11699886161237,1.19989120677428,1.45082878369498,1.6915229524608,1.8963860409927,1.71161322650223,1.58353357061073,1.65319935053255,1.62011784324828,0.569459422514214,2.19671966365744,1.32412326274122,1.28014374299721,1.57651615295709,1.82110691665289,0.193077596827821,1.3651788217066,1.73315078440091,1.65500899856989,1.98387159472688,0.455124943353757,1.57525924289174,0.796142210271641,1.47366093290428,1.20530233783943,1.02526846519961,1.06909050173837,0.0741635771853773,0.566826548539099,1.89246641759997,1.55006380837678,0.949761003438019,1.19312325304964
1.58851457575594,0.526250288080892,1.56709831983132,0.969023177827143,1.56428897104221,0.974187006497569,1.87776998456738,1.7968666822999,0.568455408065036,1.39230191712865,0,1.83928750547491,0.55398119121157,0.113293856732526,1.91384366675919,0.889457376738413,0.708424693724214,0.967479245799116,0.243241873622671,1.13432868473288,1.75339437999187,1.33391630738469,1.67994188965853,0.93892251392916,1.63334012625356,1.57758343313773,1.15053066367215,1.30552429074266,1.68676763094685,1.04834447250371,1.64958022403263,1.23282181143441,0.459961704413211,1.5640825601246,1.46323227224164,1.33508462840412,1.47669861296072,1.21645740085874,1.46681676457242,1.74023522143672,0.871787550907244,0.678198371446016,1.71395891548387,0.264420597969321,1.16392026364837,0.863801605861901,1.07799158946254,1.77647677246387,1.1734786327865,1.73507725602345,1.06038794736492,1.52211436108589,1.9375238572471,1.74158682158713,0.671174834349887,0.991579895253626,1.57237527549512,0.277871067697938,1.01911533720771,0.694780997750576,1.16734485853456,1.27168747650398,0.270661937606146,1.41790380471149,1.28055148881034,0.384281722641063,0.430516093998731,1.33227398127549,1.46133600380128,0.981514773246779,1.76458671872769,1.83843258656259,1.73289842783892,0.419601298386148
1.75465198542179,1.74900841034779,0.560022120503313,1.84094944970341,0.969344229687795,1.60554356505041,0.202954708470724,0.594530507737642,1.98115522614748,1.24341305775726,1.83928750547491,0,1.8095329883852,1.80260037774913,0.26691530297914,1.38484193953313,2.40928259682694,1.52626499964691,1.93466750451063,2.60503726614112,0.50151311280559,2.41526957397855,0.210454919211669,1.16896583324017,1.03826820792218,0.554656897314426,1.5683867093302,1.20120088208438,2.42539085516,1.74001042857269,2.7695357369257,2.80284743400257,2.27960679250046,0.380594410367831,1.38566616860547,1.1312750498875,1.61120141637045,1.45319482555658,1.11084216053595,1.23516722654567,1.63901065914171,1.73039766914615,0.189977097665645,1.70345341321553,2.67712538943377,1.82700626807832,2.61290854393035,0.755520517199566,1.26839598986234,0.622143921613612,1.26473678270935,1.62990212783011,0.293035418638999,2.33507999343316,1.80706578394211,2.6656963535401,1.3192341276172,1.7150321414036,2.38378675734297,1.8302490619873,1.62040839308575,1.15775625619827,1.84585661505521,1.77698992634547,1.36892168433471,1.63775555376805,1.73250477953848,0.955233693551748,1.24793114759173,1.13339675564351,1.12925167700656,0.480015618320819,0.368606059889402,1.67074703980947
1.9610581720459,0.282989963345886,1.48924238902914,1.38291806235438,1.76949179636926,1.01288006681204,1.79227483608545,1.93995071469732,0.235902599350404,1.72459504921915,0.55398119121157,1.8095329883852,0,0.468179988380751,1.88301627868303,0.589355168523066,1.16625651996147,0.849175426876133,0.637720157811338,1.66670141565951,1.61545162937787,1.88635057612733,1.67980597903708,1.18601813245492,1.34415744884605,1.71332798673177,1.52022014376091,1.63936081068535,2.14148628585808,0.55830964122484,2.10784368712565,1.73860842583485,0.871108794631729,1.46593432812046,1.83036228700316,1.60572629499944,1.26924144448655,0.852702708771247,1.20318156298102,1.68620151207539,1.31106151582161,0.94314301182847,1.66491973442172,0.370503464061208,1.68145084336554,0.653225585292847,1.59736335772585,1.70729474828128,0.817536535302852,1.52062193362689,1.31060655955625,1.1665673356332,1.93232789971191,2.26192137720279,0.850494787848037,1.47216880302941,1.91591817734785,0.600891203020912,1.45460723086577,0.45806345446732,0.817029845092014,1.50622588483755,0.358407714082881,1.88230171243138,1.38024332660909,0.617402725131355,0.932021180887074,1.30003017268692,1.79378258363009,1.21204457438014,1.43369008815174,1.66997219199284,1.77818017687715,0.837507386359693
1.59693886907803,0.413952556145506,1.50500088419863,1.06230318431128,1.59014335197391,1.0065103981797,1.83570925181397,1.79377036247857,0.478072907876938,1.4065289511268,0.113293856732526,1.80260037774913,0.468179988380751,0,1.88649317870293,0.787383777916218,0.767967650617396,0.867200769667686,0.333585246414339,1.22312503514088,1.71245450763252,1.42801006327444,1.65147181166745,0.969131267969836,1.54278018299917,1.56464770549705,1.22255168106159,1.3246037481072,1.71643356348899,0.941631337439932,1.68543521625619,1.32372776722818,0.52183405839793,1.51305455312132,1.48608792027483,1.37267271786309,1.37302715662229,1.10936578645614,1.42363751660229,1.74593936913738,0.899617109940054,0.634295220043542,1.66930052695638,0.229345046453895,1.24599051856017,0.857232950801509,1.17902788288733,1.76118396702461,1.07705298851937,1.6709119792565,1.03655991806077,1.48318194572802,1.91436151150528,1.83074110762397,0.7314902722402,1.08187821046391,1.59118935847828,0.333069767573962,1.1307469228354,0.583552792569495,1.12855691071847,1.25027699443533,0.254434889802231,1.48963580986679,1.31497288016428,0.315304740244592,0.482416330080292,1.2615068519408,1.47703605205996,0.95992747127541,1.67266587874405,1.7769098763629,1.69807789366716,0.498225888922869
1.92576852440011,1.85923412310621,0.797378573763133,1.81467744544175,0.884900881632751,1.53793732757894,0.260385572849637,0.60817229472419,2.07360415328718,1.36675909699913,1.91384366675919,0.26691530297914,1.88301627868303,1.88649317870293,0,1.51476790045981,2.50563904438966,1.70955623934752,1.97809371879612,2.67915232263495,0.423121903558337,2.46648075473421,0.27256911531954,1.16951838946978,1.20363685445702,0.666918004121306,1.53044830324184,1.30401161409859,2.58303318933367,1.84974642903991,2.91995241964186,2.86853127915987,2.3581226006241,0.529276153524642,1.5006998857212,1.09162430146298,1.82795625804292,1.60380924188378,1.04685003652022,1.0378209113281,1.76299982729641,1.88904680593767,0.425802835904764,1.76355933771033,2.76025923926831,1.80586495581045,2.66323462431067,0.548389047678265,1.39082277454649,0.704265598968621,1.44202867047005,1.55900440959154,0.0960898151603314,2.35015910585232,1.78524633888069,2.728665647407,1.43409545100708,1.75507636217193,2.3711723067846,1.96353570351204,1.58845486681755,1.34632936120107,1.90068782502447,1.79683153959394,1.25068074912709,1.75956269308045,1.82500236898233,1.18480654646468,1.36664589839657,1.29024269297366,1.27192399957739,0.616228566327771,0.598502015539316,1.70443373680479
1.7544224927773,0.472807006536485,0.969031866648442,1.60598787644127,1.62679067969525,1.24532081358065,1.36784359310712,1.6273653536785,0.689646576230299,1.5076678823966,0.889457376738413,1.38484193953313,0.589355168523066,0.787383777916218,1.51476790045981,0,1.49005455853111,0.453078299555951,1.05611192110569,1.95347579960101,1.25886047752833,2.08106315967207,1.30511380551891,1.15768832403307,0.787272626932128,1.37362146133675,1.612670998273,1.44965737520786,2.09828925296027,0.423133663933662,2.18334414918296,2.08344968715463,1.28135859815594,1.02074333218069,1.64170217794626,1.5244808966766,0.776105733065949,0.344256766313782,1.03816615465432,1.63708908621813,1.26800666209123,0.875624555216832,1.21373444107908,0.727901584807154,1.97203369909764,1.03580907480243,1.94615383852727,1.48501333993471,0.314582462098328,1.06070820871434,1.03951801990515,1.21391510199972,1.57120041681984,2.3686363958878,1.20778360949138,1.85708623925928,1.69627642335264,0.923634424142907,1.84826760831021,0.49842079909867,0.961622731147181,1.18823951967793,0.823541165804628,1.90500187178231,1.45733386828264,0.665748936385005,1.06411655902289,0.779369530062314,1.57313270831873,0.949062813053081,0.905227464102663,1.18132851124109,1.33873208300005,1.07464752007401
1.58103699565684,1.07639823554309,2.1125785117709,1.23220544148059,2.03014272910755,1.57593826020699,2.48328420501825,2.26321083192198,1.05405738052926,1.6235712085409,0.708424693724214,2.40928259682694,1.16625651996147,0.767967650617396,2.50563904438966,1.49005455853111,0,1.38580378210543,0.761511007776486,0.596688244955374,2.40642682176571,1.03769652041386,2.25389214616149,1.45000308451782,2.23055568826306,2.0449443941957,1.47859790136043,1.57454096346923,1.35459750103032,1.61263514692937,1.12357357617268,0.653308180546278,0.343191584371359,2.17256691943278,1.63210051939105,1.75971674306911,1.8647020047653,1.7766088929959,2.17220962692782,2.37586211576805,0.966440545151939,0.864774414500875,2.28634150608514,0.967688666272106,0.558619534856164,1.49635477773851,0.632893642413163,2.4200849380781,1.80007223238636,2.38239513476571,1.34605488880633,2.21370722127123,2.51367630009923,1.61985302116492,1.20745105468948,0.452696293791292,1.76770183203397,0.919892977384778,1.02489704028553,1.13759043011932,1.85368518162074,1.55709806647648,0.920852211170372,1.50794987175376,1.84960252283836,0.862497487384771,0.688730757327504,1.79784931441956,1.68776458493239,1.35973234387163,2.37658251355843,2.45626497321432,2.22838792746191,0.917786910322546
1.48912288046994,0.596436240976447,1.0249311098241,1.73962493700908,1.78104688430774,1.57673033958556,1.55717636993475,1.70898464038354,0.833515621440049,1.40162302784757,0.967479245799116,1.52626499964691,0.849175426876133,0.867200769667686,1.70955623934752,0.453078299555951,1.38580378210543,0,1.19325705820617,1.84740016767282,1.5388397605264,1.9985046998902,1.46869214467723,1.32041185616494,0.951655931250051,1.42382975729809,1.74216071839096,1.38416574964756,1.79359722183207,0.714587287560675,1.88288752318674,1.99714760404164,1.27154822142825,1.20777842306044,1.52046908670809,1.65338207401712,0.51386578457444,0.542699221973191,1.45269406772166,1.99495941038397,1.11616180255216,0.621094679370514,1.34424741875718,0.925753049914745,1.84641754028117,1.40584939540256,1.90309382568841,1.79365838817988,0.673878021172855,1.31221135379974,0.848712847274851,1.66572442093357,1.75115910477239,2.32081533646786,1.46660396269156,1.8053852879048,1.58319855736804,1.09893314239339,1.9587878463647,0.495148655324738,1.40239925357896,1.00920061432224,1.01490822650446,1.88946891492431,1.759430873692,0.618541955128783,1.02152989134262,0.663907402315564,1.47003794847552,0.849751487962613,1.10203730765687,1.36888348979838,1.37377981292569,1.20444420438168
1.74744835969851,0.704810392057971,1.71845966283352,0.844605783432591,1.56604867906861,0.840577283185735,1.96479399828787,1.86690556540958,0.684237313101539,1.5080495505719,0.243241873622671,1.93466750451063,0.637720157811338,0.333585246414339,1.97809371879612,1.05611192110569,0.761511007776486,1.19325705820617,0,1.12231994228719,1.81129447980219,1.31140819351291,1.76086557053494,0.944292827863917,1.78567762318001,1.67496265151954,1.08173180685931,1.40581191928153,1.82471233854316,1.18037511780401,1.76950995507421,1.19058963037546,0.475010917968478,1.67124584798741,1.57106303373149,1.3321071719215,1.69730744825005,1.38609510452098,1.47498759659947,1.67489739603107,1.01208190787459,0.91206373139031,1.82500840539274,0.33522783954063,1.16588602571648,0.753560834618807,1.00811004485853,1.7792885782781,1.31414997629493,1.8354932193058,1.24572060211844,1.47795042557537,2.00040841267594,1.70903458240107,0.486606800497451,0.93645196290971,1.67976408525832,0.223431538115248,0.829919484343693,0.890754555721768,1.12515632570578,1.44509902857675,0.280367031422089,1.41561926196181,1.18462469420525,0.620759477423142,0.561458921288868,1.52528170839857,1.57243578222189,1.14757527893543,1.90615417547684,1.95113700648533,1.85765283050867,0.36936248114216
1.54446314800349,1.59223186060733,2.39895373294361,1.16479554683479,2.03994505495351,1.78299967639515,2.70829108065152,2.32433396021539,1.6004252697011,1.61814020888383,1.13432868473288,2.60503726614112,1.66670141565951,1.22312503514088,2.67915232263495,1.95347579960101,0.596688244955374,1.84740016767282,1.12231994228719,0,2.65853246932176,0.554595499768311,2.43571515474747,1.56182944789297,2.63837657399633,2.15410401964542,1.40539683514091,1.57465071061695,1.19163773153027,2.14036883499878,0.969324423381009,0.246103866540468,0.853374592716941,2.44073863202883,1.57254425525259,1.75431216832513,2.32800456490455,2.26271289641972,2.49760292699301,2.53357176610774,1.04726372259298,1.25312814140044,2.51441907905501,1.38565364522234,0.133452813424705,1.85748036902553,0.277041772812377,2.60410782010679,2.25127163241094,2.70419108376484,1.53961737046038,2.57908533859604,2.66678824331265,1.18237131021966,1.43157539347019,0.387395872800616,1.71088618323237,1.24910286387658,0.91549135635406,1.67875140138493,2.23703868189171,1.70433091307465,1.36045736767541,1.26713832174118,1.95854252923772,1.29383808319743,0.940463568372596,2.11855953571257,1.66492909506581,1.5606829071239,2.79637075575966,2.75200700981595,2.40153163612838,1.13270204891681
2.08106206417414,1.62802745899902,0.761809891184436,1.79625604558476,1.07123160216204,1.34319627573884,0.342511573717144,0.943286708091735,1.81911881826249,1.54507180843254,1.75339437999187,0.50151311280559,1.61545162937787,1.71245450763252,0.423121903558337,1.25886047752833,2.40642682176571,1.5388397605264,1.81129447980219,2.65853246932176,0,2.52410496742443,0.470425955144024,1.15601697547093,0.946044382720916,0.904611761606301,1.57877872356296,1.46628152505688,2.68483025163681,1.5345672114241,2.95888184744355,2.82621615770296,2.212012522113,0.414877739229497,1.69186945722328,1.21793531606269,1.65442130804572,1.32344567997733,0.659801549520557,0.892355077453474,1.79506874322927,1.80546378342781,0.510559847012478,1.5603945178075,2.73100210708095,1.51853704906332,2.61950758628433,0.439767124891761,1.08637126198008,0.406024405277742,1.48103453535974,1.17458511792046,0.514510458790568,2.49846077618284,1.61060943909161,2.64911743848914,1.65494599156918,1.59097844437919,2.29771076531522,1.73390526858601,1.23459203264723,1.44411592732501,1.68747402857795,1.9448559048675,1.15533451782563,1.61941444971489,1.75980418665397,1.13118460802053,1.56388976502835,1.31309610593626,0.982696396576947,0.462357271852529,0.816218587441613,1.59794087520256
1.34981854182042,1.81397433794407,2.31200097218642,0.974585724908243,1.72658764171927,1.75236179202337,2.541249535864,2.02996817548332,1.88021656625828,1.34329155303995,1.33391630738469,2.41526957397855,1.88635057612733,1.42801006327444,2.46648075473421,2.08106315967207,1.03769652041386,1.9985046998902,1.31140819351291,0.554595499768311,2.52410496742443,0,2.24113484851897,1.38930382353009,2.66616500544299,1.91271267960518,1.11383527496349,1.29792728132647,1.1294398624595,2.34764169806412,1.13808834957242,0.735454700064126,1.22358532517809,2.32784960860756,1.26310789453101,1.45124775442657,2.47092092641029,2.40299830678769,2.46744966881017,2.36416582308641,0.968003404100824,1.41171890534491,2.35976567209693,1.54525101705297,0.671869462257442,1.977465767697,0.632280188662509,2.4208756794734,2.34707734661734,2.63365151551715,1.46544744913766,2.62521024991326,2.43606848120346,0.628432117926498,1.47782273572431,0.872213657918571,1.38832010781828,1.36010146691384,0.94738370940261,1.92776690629329,2.31904013180181,1.57024385415006,1.56217043363285,0.81126505138253,1.79389866690338,1.45257313144109,1.02037839720514,2.09633461070876,1.37025289926114,1.47095526604198,2.83113106893574,2.65242177043666,2.20654098827816,1.15941624835588
1.6799033361062,1.63289649624937,0.60326145500232,1.63562295393833,0.782284958811774,1.41313313946579,0.315970518512823,0.499725685075674,1.85800509805277,1.13107450736837,1.67994188965853,0.210454919211669,1.67980597903708,1.65147181166745,0.27256911531954,1.30511380551891,2.25389214616149,1.46869214467723,1.76086557053494,2.43571515474747,0.470425955144024,2.24113484851897,0,0.967363780605221,1.0815730560964,0.447787843840717,1.36407155066395,1.06849602021588,2.3257138319805,1.66861635857606,2.65423657348325,2.62919808700228,2.11923057853929,0.368502819307663,1.27316672607333,0.934208768658475,1.62026944770652,1.42036220068377,1.01040771438267,1.08265997877367,1.50012427601197,1.6213549842158,0.270773567923764,1.54617463452606,2.51239167100534,1.66455865345647,2.43204067411177,0.636658890766591,1.22014065400024,0.666603998515208,1.1707650403081,1.52132156071768,0.287247023542296,2.16429249359704,1.61452880280949,2.49122176375153,1.21841391377419,1.53994322322191,2.18226282247305,1.73350526222188,1.48947483998229,1.08317884536249,1.68765729334881,1.6049078362148,1.16704541199722,1.50656621352506,1.57236109558145,0.946665889175001,1.13923529130638,1.01842594708653,1.18392449341001,0.585734136466527,0.406615143636035,1.48523063990235
1.41552389987201,1.18220668928394,1.18253649351149,0.682321617837508,0.627179832824812,0.748452314032028,1.24138410785745,0.962911923118156,1.34508824296004,0.884782895272297,0.93892251392916,1.16896583324017,1.18601813245492,0.969131267969836,1.16951838946978,1.15768832403307,1.45000308451782,1.32041185616494,0.944292827863917,1.56182944789297,1.15601697547093,1.38930382353009,0.967363780605221,0,1.52510510851074,0.8409476334043,0.500723392821829,0.742517475969573,1.82377548533061,1.49727760271722,2.03012828534172,1.73077964535694,1.31643549333764,1.05091185939032,0.978424815151242,0.420976165826918,1.73624015625741,1.46192292061158,1.13826098418378,1.07398577306217,0.884211176898147,1.14064433135399,1.12509470033922,0.881650199932709,1.65404983924862,1.10322538054138,1.51002026916086,1.04900166087742,1.28444740368429,1.32699049446155,0.921315527585782,1.42977734361846,1.16387508053405,1.42787427990894,0.788460899233864,1.59198514714199,1.02765022448252,0.748132761878947,1.2173986306043,1.35570097613541,1.21673001084749,0.985629661766097,0.999486139090906,0.915771038223734,0.630547452609071,0.948302333788332,0.801722681408858,1.18060115027767,0.924078977315941,0.73727170615901,1.66072505326934,1.37475761527988,1.11179583873569,0.597987950675066
2.01912224006012,1.25936660759983,0.626136149911617,2.14013716214438,1.73341535839943,1.70768062504319,0.964153875843455,1.51979073876074,1.46391357841967,1.7177068323847,1.63334012625356,1.03826820792218,1.34415744884605,1.54278018299917,1.20363685445702,0.787272626932128,2.23055568826306,0.951655931250051,1.78567762318001,2.63837657399633,0.946044382720916,2.66616500544299,1.0815730560964,1.52510510851074,0,1.31014849852051,2.02569392718247,1.68645616420032,2.54240637898873,0.979501822075338,2.74482368905694,2.79820427889515,2.04991018376478,0.715256721482945,1.87283071093472,1.75667875108997,0.826990497772974,0.605876912016614,1.03547711820563,1.68421835532406,1.76294802279296,1.48238709420961,0.870115678358587,1.45906901475121,2.66743040671127,1.60427968338263,2.65048405674692,1.34667120698665,0.533035199602542,0.560394587312852,1.35061416660713,1.38012260863462,1.27933268321584,2.82387246310339,1.81599587805329,2.59576964633561,1.86900772644611,1.6108532603328,2.51046731767806,1.24578379451233,1.32647823403568,1.37439740094901,1.57194501562277,2.29365397855338,1.7535810528024,1.3714666978123,1.70810359941237,0.730260519479416,1.76217767663738,1.2659206391833,0.185668536416601,0.632861233847377,1.08791706727322,1.70727900215116
1.26785368902772,1.6192605778224,0.720307999967297,1.46612305366229,0.652998001310612,1.48317877865576,0.734839202799553,0.292690091580082,1.85823078018554,0.704842059310225,1.57758343313773,0.554656897314426,1.71332798673177,1.56464770549705,0.666918004121306,1.37362146133675,2.0449443941957,1.42382975729809,1.67496265151954,2.15410401964542,0.904611761606301,1.91271267960518,0.447787843840717,0.8409476334043,1.31014849852051,0,1.17114017968287,0.660601653368362,1.93191531407168,1.78274567314257,2.30011686701573,2.36738474304168,1.97307747456109,0.680021580078911,0.839979120816357,0.733533171894734,1.63272238533658,1.54063776729228,1.33569989889283,1.33953769483889,1.18248188392915,1.42517860945992,0.561469435945369,1.51232463015326,2.23256227418684,1.77123614873828,2.18513050055224,0.986236234088914,1.38370949448562,1.03840230121588,0.878382395158921,1.81207264804657,0.624788141472781,1.80742712997922,1.59768116455557,2.26923815190833,0.7744485323732,1.47030035602024,2.02139111153033,1.71442878286486,1.70255557415868,0.746066229267927,1.65620657525284,1.25538085936329,1.23769264941514,1.38494337932408,1.3619305702333,0.89353246382898,0.703565621317371,0.755402502143419,1.45328298873739,0.941905664804438,0.355265537487488,1.36000466922639
1.51974250063592,1.53802380934098,1.65250255928638,0.369614515635093,0.734576491362223,0.905785239259396,1.65653679332041,1.21096052456595,1.65413339857722,1.03155029859723,1.15053066367215,1.5683867093302,1.52022014376091,1.22255168106159,1.53044830324184,1.612670998273,1.47859790136043,1.74216071839096,1.08173180685931,1.40539683514091,1.57877872356296,1.11383527496349,1.36407155066395,0.500723392821829,2.02569392718247,1.17114017968287,0,0.891490023611111,1.8130951367667,1.92267020107685,2.00067530224094,1.56020446552008,1.39819193890672,1.51844541941104,1.05408325570848,0.478095742257092,2.18904644589403,1.93441542555574,1.54834031317437,1.27489534370012,1.01193500848306,1.42154908183664,1.55996691288726,1.16802729415114,1.52287919633411,1.3469088045822,1.32230728111047,1.37131233921796,1.76692145321962,1.80207564350589,1.23684599780351,1.76983631458809,1.50373853952746,1.04423245457708,0.881868894446877,1.47804428443306,1.11551676761415,0.959602342394918,0.965600752649607,1.72062454809727,1.55870401948491,1.29076553942274,1.24489325965038,0.62271259617068,0.737051665944192,1.26416709343513,0.955975854574712,1.63693535435949,1.05172785215263,1.09544557065464,2.16062022713074,1.83972471943793,1.49906119482348,0.736659988854264
0.753977350563257,1.50908723350601,1.1612161637749,1.12982112837648,0.824773044654959,1.4858818176313,1.36600746484568,0.820137746645029,1.7277247143535,0.147748741889238,1.30552429074266,1.20120088208438,1.63936081068535,1.3246037481072,1.30401161409859,1.44965737520786,1.57454096346923,1.38416574964756,1.40581191928153,1.57465071061695,1.46628152505688,1.29792728132647,1.06849602021588,0.742517475969573,1.68645616420032,0.660601653368362,0.891490023611111,0,1.32650957394426,1.85732975587732,1.69393282596681,1.80446801539711,1.5925121383602,1.20780017391491,0.251411879404687,0.673290655151359,1.71938236954151,1.69731541441221,1.69959675309471,1.67531599326923,0.63932010172398,1.10044499294391,1.16099561317303,1.3534838247975,1.65469036260853,1.77413022885635,1.64595585281174,1.47793327200982,1.5951352993412,1.56401582175208,0.585485924254811,2.08008507073262,1.26353585261674,1.23632736863354,1.44563831592655,1.75857457210013,0.296132802325675,1.25593032187623,1.62098744024763,1.60585640981,1.86788874829457,0.509116811822848,1.47811111519955,0.719526337379871,1.32866044345404,1.14624394239484,0.951703620590383,1.07253498362751,0.184785182470141,0.53509794684844,1.85742944359554,1.50923895380214,0.939424139812552,1.07727858946355
0.736232715814716,1.93053335467886,2.16857377753185,1.8112115709128,2.11242250695026,2.39200668271911,2.58460395426529,2.12081825280414,2.07500944769589,1.25224750144422,1.68676763094685,2.42539085516,2.14148628585808,1.71643356348899,2.58303318933367,2.09828925296027,1.35459750103032,1.79359722183207,1.82471233854316,1.19163773153027,2.68483025163681,1.1294398624595,2.3257138319805,1.82377548533061,2.54240637898873,1.93191531407168,1.8130951367667,1.32650957394426,0,2.40080669800366,0.53484207732329,1.40372620597536,1.62693369472515,2.34945385434565,1.16320569238666,1.89141096765233,2.10628726167185,2.31878163623316,2.78558613765367,2.8914170464367,0.972565516951726,1.25413849024678,2.33406070890699,1.90110591196567,1.18342909364424,2.50873431397317,1.44777547291881,2.75297079528165,2.3580581300521,2.66181001463067,1.23555418034671,3.05087214315552,2.55281347410955,1.39179857207748,2.14352236040535,1.51344847537541,1.26762074445991,1.83339249513991,1.9216295477673,1.93111925237203,2.74205770852015,1.28807423233563,1.95518465272224,1.3701944516981,2.42225813939189,1.5419126283256,1.30848299994159,1.84244560825644,1.27816903946649,1.3871251662,2.72625306429221,2.61871834525964,2.10019274251499,1.69518175733725
2.1328624849745,0.548774269492072,1.33443865081932,1.85869715406492,1.9911845293383,1.39690762484407,1.69020652329567,2.02523685127051,0.609535282119761,1.91898897700447,1.04834447250371,1.74001042857269,0.55830964122484,0.941631337439932,1.84974642903991,0.423133663933662,1.61263514692937,0.714587287560675,1.18037511780401,2.14036883499878,1.5345672114241,2.34764169806412,1.66861635857606,1.49727760271722,0.979501822075338,1.78274567314257,1.92267020107685,1.85732975587732,2.40080669800366,0,2.41058627747238,2.23086909857815,1.36287989617363,1.36212463761748,2.04781770136186,1.88671127119633,0.916897752715725,0.421506667765561,1.17242719904044,1.84240916216727,1.61187224969669,1.14741095981666,1.57243184834979,0.872603600207124,2.14372673642143,1.03104093022537,2.10907148810859,1.75250118782196,0.491913621459298,1.31181094109303,1.43736541228754,1.17967458896431,1.91636988563033,2.69170002724002,1.34477397989583,1.97579211002752,2.1095126056107,1.10400205988346,2.0021432383367,0.519349166238162,0.93648035792455,1.59919665869479,0.905630455636509,2.2587552175731,1.6936913109248,0.921802949515318,1.33690330901074,1.16497058213646,1.98605574797399,1.35826951251513,1.03216912662956,1.46668440409693,1.73461137366636,1.31160523384783
1.21315485815115,1.91268247646168,2.46626701788283,1.89831090075221,2.42695770256967,2.46685663601418,2.90734735890697,2.50740360954476,1.99491144190758,1.65098554913322,1.64958022403263,2.7695357369257,2.10784368712565,1.68543521625619,2.91995241964186,2.18334414918296,1.12357357617268,1.88288752318674,1.76950995507421,0.969324423381009,2.95888184744355,1.13808834957242,2.65423657348325,2.03012828534172,2.74482368905694,2.30011686701573,2.00067530224094,1.69393282596681,0.53484207732329,2.41058627747238,0,1.116490609073,1.44961015857247,2.63470633972444,1.58104299661995,2.17512782952643,2.2281102500504,2.4107423345294,2.94807493732518,3.09825784346921,1.18163328458443,1.30925703792754,2.66022807538308,1.89758126985834,0.905872857911123,2.50499713324727,1.24460103616496,3.01930389428974,2.47588554556361,2.91728653558715,1.52259876624657,3.13271554952715,2.90107047417691,1.58688808769613,2.15571779380803,1.24796603994653,1.70372256995505,1.8416593632147,1.84124503575508,1.90076601788185,2.79407830212971,1.63913431773344,1.91269219557536,1.64527245588049,2.5866965474088,1.57505695267246,1.35655378569015,2.10332512159309,1.69040863110465,1.65700251254913,2.92092927814204,2.9088281422093,2.47004552572296,1.74199310883791
