0,0.545213826671566,0.49477097047348,0.581069898503033,0.228894949131942,0.474141280145301,0.529018307694577,0.642286847005262,0.652698320641286,0.714746058746606,0.45624587532753,0.501891684442592,0.4599476088095,0.402965682797414,0.563928925283784,0.471135702055719,0.800488657733981,0.42977358446485,0.434731018599087,0.615645725799798,0.698957763645923,0.718234650177128,0.380238591663736,0.43257913565589,0.525112922817562,0.462566203979973,0.450004482575282,0.662083298301797,0.785677979261343,0.645485794728772,0.47406547708602,0.677645030876149,0.499581552200301,0.609827598270296,0.417241249536448,0.438722911473712,0.648504821953167,0.496643030372073,0.47892670453116,0.413922454751741,0.533801078019834,0.518480997639382,0.873876471585893,0.467695410036387,0.516740152087155,0.805630528009756,0.694036018852209,0.692126868318244,0.468221473391026,0.577443759021792,0.784543390732795,0.460877107557235,0.683904136779178,0.586093025094969,0.396787387460163,0.441153265267731,0.460314002067707,0.327803712038216,0.436186382834737,0.497041277360874,0.770534416013269,0.489181018027951,0.540412339739657,0.394403293329726,0.449783821596478,0.3735882360729,0.470850194267609,0.395092808438033,0.628224283635875,0.506915927331667
0.545213826671566,0,0.313206122443025,0.454478775392808,0.498690390155368,0.285218569714516,0.428817000277337,0.211816286592469,0.394685002435803,0.229671468504382,0.241168435561764,0.189116320020646,0.234314257069439,0.258845175535104,0.505942166771888,0.235100701655919,0.293057666882473,0.607132546504853,0.131761529528662,0.262909904741989,0.32738765314384,0.325426979950298,0.272826513106431,0.141258290291464,0.0719362447204817,0.339340258955121,0.414794452815948,0.230898382692433,0.600607720442019,0.708552040129576,0.23815465313227,0.435307026956778,0.712614921606384,0.0932530102435264,0.143538000867272,0.625220989130838,0.365168075670328,0.350865100245625,0.224350778634738,0.464495262663826,0.309663820190385,0.455416998316182,0.691392243055869,0.414372954402212,0.193440546697766,0.395902894043967,0.315714124642266,0.74946530055418,0.246524762691935,0.370453586136728,0.68442702744206,0.225891300167229,0.324421479319553,0.133895117429231,0.497394069485098,0.189276746760938,0.455056715852299,0.614326602626437,0.212925134546323,0.151570092297517,0.318450470163209,0.328480308473993,0.255191682284782,0.176484101220589,0.198655309677116,0.525486851466113,0.114154042676955,0.285391187711861,0.51146007790256,0.52384769655373
0.49477097047348,0.313206122443025,0,0.493295269940608,0.542954513616378,0.190908182160564,0.146663274278838,0.421961523871061,0.504208299747454,0.525884364771438,0.0955138227973848,0.456218491983791,0.106592929809072,0.147065353036126,0.211526241866702,0.111258475618506,0.392117479847038,0.536768375251617,0.343403441185153,0.525439260675719,0.419446066700653,0.452877033566741,0.209117623524372,0.349637421289235,0.242033645371028,0.213886298670105,0.163649019343218,0.533460484160272,0.369195873950076,0.424640396598655,0.104044224481652,0.191207163415655,0.463234233941667,0.372947708759346,0.293805727840927,0.366012674098828,0.525451255338182,0.123112438873173,0.433641204175924,0.224524287967158,0.429868202635788,0.339771814589941,0.559181858109566,0.302239490121897,0.191662745231183,0.349736348483038,0.218128946040649,0.455919510715039,0.0992326597705433,0.222623411421211,0.389501333429586,0.119009024290277,0.492348545463231,0.232847718264054,0.332214567519968,0.150740416257328,0.529334963801224,0.407715181290537,0.131965525398405,0.36053608782646,0.551824141225028,0.570119152327019,0.131802018024213,0.207563653386363,0.130068787304773,0.276079110795873,0.344999703616806,0.198442255951495,0.450319659700224,0.510621806068645
0.581069898503033,0.454478775392808,0.493295269940608,0,0.431284581412869,0.610784576066712,0.63097971281258,0.320933560634788,0.13995716407475,0.487377732801324,0.495963132715931,0.441639610636151,0.503704861750502,0.375719099485961,0.678506655492893,0.516518825601622,0.56828867395303,0.88269994181832,0.457598156407022,0.368007192970697,0.265698583078434,0.283773389672528,0.559741676850993,0.475529173869507,0.451481861143195,0.647741951842543,0.62060598883167,0.471177298714087,0.843021069009143,0.866844100717342,0.514008821093249,0.613763298863864,0.581879284562729,0.424020205622808,0.373385480240526,0.737828292925093,0.803797895248202,0.603928454751278,0.602109073909247,0.649305581514868,0.723377015714155,0.781836259457333,1.04288868545123,0.728982914430147,0.557220583685043,0.718741739464662,0.571572886940359,0.888597721824089,0.515324207576398,0.331732733698594,0.777104741707442,0.50793225461078,0.776396189243651,0.513870132977158,0.735778140626117,0.47534343660567,0.181735368184664,0.533269865205141,0.482885356016072,0.322714917015648,0.40099203110953,0.576426584925557,0.563824190159304,0.410600807164923,0.466709433605582,0.635579358447715,0.384526844881205,0.573332574277864,0.887102969580488,0.138289160214553
0.228894949131942,0.498690390155368,0.542954513616378,0.431284581412869,0,0.55189450522879,0.629793092838553,0.527786781407853,0.499418422837246,0.605054304512579,0.499098562368314,0.39927019308378,0.50292929509983,0.407236751144768,0.678892580830417,0.516159731907583,0.762272706829942,0.613949339142614,0.390188232896534,0.468237642866845,0.590647709848227,0.600637299792396,0.455741742886657,0.394466791209061,0.500837737184348,0.563674048084258,0.565574805120651,0.542633298754283,0.89105882143163,0.809281153640324,0.518620610558966,0.731416110071203,0.581372193699601,0.532411818649006,0.359991219103994,0.614579094207704,0.68452695664027,0.584967548482559,0.467830514685847,0.55429413836616,0.584888350782565,0.654118834785584,1.00293448471015,0.597524590683456,0.551672509408791,0.835395949067411,0.71049148479655,0.851463728168508,0.516141661016267,0.551766471141625,0.8791414994789,0.502823297694316,0.708208829888195,0.580860518056974,0.565350294819153,0.465681431813534,0.270254897018522,0.430333189929934,0.470340532758373,0.395704570276583,0.637303558048605,0.402092428211325,0.588127831779404,0.387170595196882,0.473519360035081,0.526055038680247,0.393298234075852,0.477027503480839,0.756935253164586,0.366485237699008
0.474141280145301,0.285218569714516,0.190908182160564,0.610784576066712,0.55189450522879,0,0.20170967200008,0.470709007585338,0.603947249969361,0.511299532604937,0.123600002859258,0.415339553694828,0.11356144230964,0.245667080019224,0.275218725996285,0.103450985192406,0.427297798254773,0.393261138884378,0.287105651440559,0.532759458579968,0.526898201338651,0.54668020011909,0.098627517874587,0.282732568663467,0.230286716997752,0.0566762208857528,0.170406366129721,0.509636222342628,0.389266983983542,0.445834699588393,0.108810980916057,0.30997375254359,0.594902100933645,0.372731162480771,0.293224463953336,0.386155187434997,0.354915231264665,0.113586399220438,0.310729266678481,0.217494298578756,0.2550495659754,0.18463191013996,0.464348820144131,0.144676468141244,0.103254099471887,0.349375720949832,0.288315717850687,0.494555100677706,0.10766256900017,0.398607643987869,0.506401230405527,0.107091864599385,0.337570547518411,0.213807173852537,0.23725814001462,0.138013732556408,0.602405056086539,0.4997107911053,0.127990023180687,0.381184026216619,0.591932266001099,0.484893290767406,0.111853593724035,0.214290444797614,0.146073662200896,0.310032558853823,0.333172919143513,0.0795735885184807,0.279613149688114,0.629461960200867
0.529018307694577,0.428817000277337,0.146663274278838,0.63097971281258,0.629793092838553,0.20170967200008,0,0.563244083803301,0.650040652907392,0.650099717956547,0.194470533670235,0.571594192386548,0.199340037065721,0.275744264410516,0.0782645263743377,0.196231260799632,0.487643504578307,0.479165451198056,0.447341560699959,0.660139813763693,0.562466783029382,0.596173511555516,0.247578813742726,0.448655819534066,0.358774968413827,0.187904711855642,0.0862355630737454,0.657709497799672,0.264028510904954,0.28631451257287,0.192257238862717,0.190150781328626,0.466987016279644,0.499270481786282,0.415869509814184,0.273762776221103,0.549483647884711,0.0895756701575364,0.504381853042395,0.144664359189261,0.454053996044144,0.264926865240101,0.452985757670193,0.245217020101248,0.258397033042583,0.368602744168113,0.283566062678584,0.321803912250353,0.185061933049958,0.346805772580439,0.313023801787221,0.207871932562256,0.524214388433877,0.331875903868865,0.257664292644085,0.253337861461598,0.657143512366168,0.423574864552541,0.230828076098039,0.495013587488394,0.690076213319807,0.661908191089955,0.188412504421723,0.3227507882569,0.241184747261732,0.218434675281707,0.4685677541714,0.226134223576197,0.379556902768768,0.63250588910686
0.642286847005262,0.211816286592469,0.421961523871061,0.320933560634788,0.527786781407853,0.470709007585338,0.563244083803301,0,0.214617204719523,0.18245501329487,0.386236815296169,0.251016423903605,0.38570542871573,0.340026332324104,0.632350366960507,0.391006006376653,0.310968243055235,0.798752225213702,0.284669507113977,0.16668281905371,0.161025340462283,0.137529714053677,0.450318228738832,0.301448030237001,0.243511383094899,0.52403583988785,0.561781171606177,0.2005521618644,0.731129847804187,0.84605133439005,0.390731598740089,0.522203963912252,0.746364654098851,0.134134829627684,0.244155198928172,0.756638905670964,0.562070177263126,0.504492401599896,0.403047379263728,0.612158384482002,0.517537236255438,0.651772875898885,0.870236957518194,0.60789193820401,0.379161917777507,0.504830060930404,0.401865231397707,0.877605505026644,0.397844721169564,0.353071582339464,0.761601459265959,0.382901133960778,0.515823961912236,0.292720520470345,0.672515692179322,0.346605861712217,0.372574904774946,0.671596243034389,0.365937388419666,0.151435833836697,0.140450833942896,0.419112443370481,0.412735987200045,0.30627800970766,0.344968960528507,0.650754200076495,0.203508511584257,0.463327515364956,0.717927242128664,0.432683210068065
0.652698320641286,0.394685002435803,0.504208299747454,0.13995716407475,0.499418422837246,0.603947249969361,0.650040652907392,0.214617204719523,0,0.375349296053751,0.495234046791686,0.387571676546603,0.500128921541083,0.397613744905318,0.706478305484455,0.510276460482175,0.479741564959404,0.907577485934155,0.425464940005818,0.276010538489039,0.169722828039511,0.167735013266162,0.565247581076127,0.444018142891493,0.406600784643901,0.64949271458522,0.646730626229126,0.371523459524902,0.840638826295986,0.910779579818128,0.508284179470696,0.609732342897589,0.688811935595892,0.33956616314038,0.354040373443546,0.799499271218913,0.7525007964163,0.611298561945463,0.563651730228795,0.686546014001077,0.689551553907093,0.784749647130859,1.02427308272274,0.73488417119569,0.530854722470836,0.664225025224747,0.532360799096865,0.934860492036749,0.512210486866739,0.352315340902216,0.806198746737309,0.501900419637811,0.715570187184121,0.463770452249481,0.766595551321434,0.46676078919902,0.257175669315373,0.635151788681809,0.479581571735012,0.272594075010148,0.266907946123386,0.538456460659853,0.546506591657304,0.40813315408499,0.459821526277684,0.693614608802876,0.341583424396222,0.579024957767621,0.874360943006814,0.275801307227854
0.714746058746606,0.229671468504382,0.525884364771438,0.487377732801324,0.605054304512579,0.511299532604937,0.650099717956547,0.18245501329487,0.375349296053751,0,0.46623213779431,0.227710568360642,0.460541700362354,0.458608477248775,0.725608826760603,0.46142282205564,0.337528162668645,0.809380332882787,0.298574339055692,0.168877348210824,0.330614247145332,0.296479725787281,0.49904976597101,0.307556320281345,0.29397577789676,0.565746119240235,0.642789962793092,0.0813960787512023,0.795673560726917,0.933758144261132,0.463621572193949,0.620247289659501,0.897449178665924,0.153043157501315,0.316106554564639,0.851541566304667,0.477060183614942,0.57604503811248,0.353872498669027,0.693293166260651,0.46986293273621,0.673093751111371,0.87554912312407,0.635744315484582,0.415375153481329,0.52922788503639,0.474873988127202,0.971901033039991,0.472286882351793,0.51389726023774,0.876304893148014,0.453100880046785,0.430518994099584,0.329497687278963,0.723539928015807,0.416697768028902,0.498087492900208,0.804408546492323,0.440007660300688,0.240559403215277,0.165542996347682,0.358307433605879,0.472185713765646,0.387481716335475,0.423493671009111,0.749161152164667,0.250462895661503,0.513222739672652,0.707715660076026,0.592710190179096
0.45624587532753,0.241168435561764,0.0955138227973848,0.495963132715931,0.499098562368314,0.123600002859258,0.194470533670235,0.386236815296169,0.495234046791686,0.46623213779431,0,0.378512185970607,0.0136566590091364,0.131695249961011,0.270333030780912,0.0270423647984477,0.380069013208092,0.483978625402041,0.258098289612661,0.468219645808499,0.420202930961607,0.445485894277532,0.128608111963369,0.261937230118747,0.173073121926443,0.161924739262139,0.178579000593012,0.466654836393101,0.415826662849859,0.471648311452436,0.0240905388650295,0.263553212365192,0.522368729098748,0.315450536253648,0.225107535211775,0.394534596863228,0.438212875163592,0.124394181649331,0.33875178460981,0.234346600357056,0.339783717841634,0.298604695926438,0.556113226457189,0.254207423075234,0.112763814305806,0.353439068565871,0.240433731435747,0.511643404007386,0.020596233190374,0.278075851013218,0.475309343273842,0.0261600601748161,0.410740311947234,0.176732563541745,0.305843626178785,0.0606981783324469,0.506805606996105,0.438002230779863,0.0401432788263147,0.304495430838873,0.516724387334251,0.482192647772504,0.0942662216532578,0.136284842055913,0.0468334673245827,0.299442367742131,0.274413041829162,0.123003066177283,0.402172935890659,0.518338757842814
0.501891684442592,0.189116320020646,0.456218491983791,0.441639610636151,0.39927019308378,0.415339553694828,0.571594192386548,0.251016423903605,0.387571676546603,0.227710568360642,0.378512185970607,0,0.373486910215779,0.352409557266562,0.647135551547221,0.378649072709289,0.459468024626047,0.637965418329948,0.130568547323111,0.166417930830395,0.39871174242431,0.384338959666268,0.36377224956403,0.137149770217345,0.245900943168235,0.459117433721175,0.53575371142385,0.164274533429356,0.772877420035623,0.835491746876476,0.382889749112796,0.608016437673059,0.774139766662938,0.196393792262219,0.171951757390239,0.71269926776929,0.411708591545412,0.492569267718648,0.202879356273139,0.567935875369594,0.361459704580014,0.562888462562841,0.843738000391708,0.515627506718783,0.349837660596569,0.583294754072253,0.501722541753609,0.880874239120284,0.388525802879023,0.48667224840025,0.843437676941056,0.365495025685451,0.403941301642066,0.320791871403919,0.5775844457786,0.318578951122355,0.378501261110556,0.650478692485626,0.340863811816742,0.1468033683631,0.331310610842065,0.169857771631205,0.419727331846413,0.259230631331831,0.332881353142467,0.609959817439845,0.116149069023847,0.38511995866095,0.617807783144467,0.499789272511366
0.4599476088095,0.234314257069439,0.106592929809072,0.503704861750502,0.50292929509983,0.11356144230964,0.199340037065721,0.38570542871573,0.500128921541083,0.460541700362354,0.0136566590091364,0.373486910215779,0,0.141818445037188,0.276117795285672,0.0153957489821699,0.375934042144841,0.479064940364269,0.252076745517435,0.465842665822912,0.424022944370301,0.448099872136822,0.122694087204891,0.255268343373295,0.166761746202824,0.15497948633923,0.182803400687099,0.461146400304726,0.415994382865352,0.476196808050277,0.0157127448403693,0.268269134972763,0.535161083946763,0.310587072169104,0.223762080364345,0.400974802836765,0.424880723921636,0.124930225786816,0.328689508943341,0.238705954655857,0.32716843453255,0.291621286263118,0.549535105792121,0.24757315972593,0.0995621813842543,0.347833847820621,0.239421247675137,0.516996558919927,0.0159346623305535,0.288949775523836,0.482735523643138,0.0128814220782837,0.397171424806128,0.168431095379448,0.304736569361679,0.0553194115788664,0.512775706866274,0.449229283082756,0.0366709856431892,0.303632765038047,0.514961287270161,0.475561418819502,0.0869685898020329,0.136540256032851,0.0453165144257875,0.306988296370798,0.271124987175906,0.116999860042253,0.392536316612838,0.527750722187415
0.402965682797414,0.258845175535104,0.147065353036126,0.375719099485961,0.407236751144768,0.245667080019224,0.275744264410516,0.340026332324104,0.397613744905318,0.458608477248775,0.131695249961011,0.352409557266562,0.141818445037188,0,0.337467656278769,0.156793681977362,0.423421072820825,0.548126589335576,0.254262127074554,0.417513874228161,0.356193735579368,0.385913867471109,0.203052881049673,0.264704900027909,0.204192797196385,0.275765074745117,0.252904036527786,0.448833610887636,0.515515569545012,0.532958422241203,0.154341795137128,0.328275767668961,0.453862897652254,0.311911066900209,0.180561645320467,0.419108338574697,0.527627603658136,0.234103992012394,0.375449837118641,0.289899827040147,0.42543771796739,0.409590601270209,0.683160712693231,0.358647177335449,0.225142475960824,0.4529621743986,0.313541957606911,0.567645784298736,0.152168884947204,0.208069233344008,0.51699339123001,0.148792186860716,0.505510610934063,0.247715963550862,0.374911391581044,0.130121114099508,0.386376822784731,0.365454273194876,0.125119719398066,0.248845902056552,0.47968263829975,0.469664476075271,0.218886181829477,0.10913683129933,0.117314814757949,0.312291201853596,0.242219967516981,0.209771907758401,0.52226036272184,0.387395308372982
0.563928925283784,0.505942166771888,0.211526241866702,0.678506655492893,0.678892580830417,0.275218725996285,0.0782645263743377,0.632350366960507,0.706478305484455,0.725608826760603,0.270333030780912,0.647135551547221,0.276117795285672,0.337467656278769,0,0.273817005089262,0.548314192081126,0.505452488516447,0.523034459920198,0.73311820702877,0.619353350555657,0.655888768564083,0.317752480346794,0.524432060963891,0.435401339096533,0.25322747919046,0.13506402131898,0.734090485378472,0.239904316106389,0.218214910974143,0.269643973946593,0.210439451820088,0.443812705206184,0.574277595665495,0.488320721268002,0.242634381643308,0.617824865065307,0.166239554132198,0.579521626741735,0.164332169907401,0.523092598318081,0.30356082893051,0.452579078123227,0.292709027488037,0.336179394884323,0.413827267286519,0.3367415212731,0.247439801927974,0.26225524115318,0.384845434646199,0.255565365150643,0.285139583472276,0.594142428511491,0.407163889551264,0.280758261848209,0.329519346554859,0.709596044961556,0.422424193087969,0.306554510348792,0.566825562774466,0.759070146975028,0.735674457010258,0.264480682891511,0.39470332389901,0.316673250642059,0.215176118793874,0.54309072614423,0.296263717236471,0.415574827171179,0.671279458268028
0.471135702055719,0.235100701655919,0.111258475618506,0.516518825601622,0.516159731907583,0.103450985192406,0.196231260799632,0.391006006376653,0.510276460482175,0.46142282205564,0.0270423647984477,0.378649072709289,0.0153957489821699,0.156793681977362,0.273817005089262,0,0.370169853927938,0.477203731401013,0.256885163488438,0.472003006670032,0.430552623995359,0.45404594449418,0.124506258786556,0.259424171173208,0.167505506895182,0.14722766759661,0.182582016584922,0.463662040785077,0.406205541566607,0.4737814145073,0.00765183471970176,0.263385528401411,0.546285976047266,0.312180691157728,0.232921147296779,0.404500509026641,0.416172986245176,0.1187227312865,0.328053330200268,0.240349730897276,0.320216206615826,0.282977788008184,0.53596071729671,0.240663778567839,0.088286232658492,0.33543511343597,0.231749750715162,0.514837721189102,0.0137053570089719,0.29802104772657,0.480576543005344,0.0147453141459193,0.387010828654809,0.162228661318602,0.303695779739525,0.0630806443851946,0.52660490471436,0.46166496133645,0.0477482460972405,0.311668985662538,0.51838115653759,0.479608985850438,0.0729413030722874,0.147849825665964,0.0556926199218595,0.312836036892581,0.277753608735457,0.116920263381602,0.38120559360871,0.542316798529746
0.800488657733981,0.293057666882473,0.392117479847038,0.56828867395303,0.762272706829942,0.427297798254773,0.487643504578307,0.310968243055235,0.479741564959404,0.337528162668645,0.380069013208092,0.459468024626047,0.375934042144841,0.423421072820825,0.548314192081126,0.370169853927938,0,0.810597876343256,0.423956513234123,0.447774159051147,0.323524365158681,0.324097623857302,0.473550534654996,0.432692917117105,0.282940888850441,0.479542301962607,0.525153161670677,0.402413224118016,0.53989280469266,0.757774195104627,0.368179221659101,0.376016418893761,0.81698004887861,0.266178951142483,0.409004501397826,0.749850745712775,0.526272249672545,0.441433718739083,0.490038442019042,0.593630056914686,0.509969666997925,0.582804574399153,0.668974918882009,0.562103131546219,0.333359473424108,0.241121672234514,0.215870765452121,0.781908449924427,0.377097678915262,0.393584044588068,0.62705939642607,0.373114041882517,0.4456797957791,0.230566741070943,0.660085972360144,0.371910278980832,0.651412818865692,0.774037772551736,0.383735777161596,0.385057567639027,0.345330485738646,0.605460668545105,0.332917944922581,0.406265985132516,0.364586041945588,0.664641217067313,0.389191986188711,0.4716660201228,0.6164675800447,0.66855332994051
0.42977358446485,0.607132546504853,0.536768375251617,0.88269994181832,0.613949339142614,0.393261138884378,0.479165451198056,0.798752225213702,0.907577485934155,0.809380332882787,0.483978625402041,0.637965418329948,0.479064940364269,0.548126589335576,0.505452488516447,0.477203731401013,0.810597876343256,0,0.530120168687088,0.796478219832817,0.878991571023269,0.895792517255557,0.366883110948281,0.51650780462143,0.578447734502049,0.349553507209151,0.405521889734773,0.77764458922624,0.633716838366057,0.515584317240158,0.482526992308649,0.656579476219043,0.719053340821706,0.699392400928675,0.565550454561322,0.410434468356964,0.472513436010082,0.441579576178806,0.47409203734965,0.366147612123116,0.384098682425074,0.271627371747249,0.573160305749072,0.267800339649735,0.481201920356095,0.709421756958387,0.677142053883364,0.577244421870721,0.477428609854724,0.73682364206766,0.75127126813986,0.474952681972257,0.527965279044416,0.588830130216084,0.228336804825826,0.484915493696399,0.803495811300023,0.584904908052465,0.475981357774743,0.666966373283849,0.919487994679865,0.598171078264362,0.503614052141789,0.509383584248396,0.499328052513285,0.405076012745694,0.607327565940178,0.364107602349891,0.311263957166385,0.852968585918673
0.434731018599087,0.131761529528662,0.343403441185153,0.457598156407022,0.390188232896534,0.287105651440559,0.447341560699959,0.284669507113977,0.425464940005818,0.298574339055692,0.258098289612661,0.130568547323111,0.252076745517435,0.254262127074554,0.523034459920198,0.256885163488438,0.423956513234123,0.530120168687088,0,0.270738840439305,0.406255864082167,0.405903639824554,0.233568381721015,0.0187855864911067,0.157906427252418,0.329319717996896,0.408095283334269,0.261890043452349,0.654608202022027,0.707147736000183,0.261950898216992,0.503138195295455,0.686096477481021,0.197793801041408,0.094212887724946,0.590068249467621,0.353094732637955,0.366397896284846,0.147501317263602,0.440499363125613,0.274261795736684,0.436591878527573,0.727788216329127,0.38789160170734,0.232145253393209,0.499315978857592,0.413977834008395,0.753806716368823,0.266848112081523,0.419964512668455,0.731456480475569,0.243310865529274,0.345437939249996,0.233295887203199,0.450657873885076,0.197526951526684,0.407112544054478,0.562381723344622,0.218897352541585,0.154270178609761,0.396646540586481,0.230815752728549,0.30284756705033,0.147920629283505,0.215188437901387,0.489572320666231,0.0858959177782727,0.254640321916971,0.502188219169347,0.498914057998404
0.615645725799798,0.262909904741989,0.525439260675719,0.368007192970697,0.468237642866845,0.532759458579968,0.660139813763693,0.16668281905371,0.276010538489039,0.168877348210824,0.468219645808499,0.166417930830395,0.465842665822912,0.417513874228161,0.73311820702877,0.472003006670032,0.447774159051147,0.796478219832817,0.270738840439305,0,0.310455446402209,0.28134685415813,0.49087176633732,0.28380017954507,0.319406825677573,0.582171243861392,0.639092674916354,0.117405194155596,0.849881341046975,0.936188110610005,0.474040536509093,0.65582384758,0.821346336655858,0.20495764140682,0.26350047194626,0.820204057098689,0.549099858566767,0.590491543288507,0.36258024050947,0.678535574841726,0.511995404470479,0.699035188221815,0.953847346893326,0.651930626431673,0.451176917746257,0.628732721661148,0.537901023058812,0.974745159096466,0.480463457763731,0.485400792715752,0.894326146452921,0.460456110674447,0.523452425386133,0.387016180840741,0.712506741230097,0.415144405863735,0.344313141509997,0.719249355768647,0.437018711329815,0.169580299212336,0.19899126669024,0.303417626258563,0.506310982999218,0.354339722355435,0.421775959864647,0.713008072102933,0.204903156166064,0.509853566390642,0.757706339715949,0.46109822694641
0.698957763645923,0.32738765314384,0.419446066700653,0.265698583078434,0.590647709848227,0.526898201338651,0.562466783029382,0.161025340462283,0.169722828039511,0.330614247145332,0.420202930961607,0.39871174242431,0.424022944370301,0.356193735579368,0.619353350555657,0.430552623995359,0.323524365158681,0.878991571023269,0.406255864082167,0.310455446402209,0,0.048894250580604,0.515366219284348,0.424187066102203,0.327064131598313,0.576774158663271,0.577878406155878,0.359672679608868,0.715162455923666,0.833708027087725,0.427443623512036,0.485060597337398,0.690943252952802,0.267706572072212,0.339211427081416,0.758782350674747,0.688403877602917,0.526141963247893,0.538180765037761,0.630676289848553,0.63414900698966,0.711149169200936,0.903625013217819,0.668530616461731,0.442943570545489,0.514293937499925,0.390511762181568,0.854859007870487,0.432997097262057,0.272758425973456,0.698639509001258,0.425925073620207,0.635208621413463,0.35727574169517,0.719199972497099,0.400939065278866,0.391667656369551,0.652162448946044,0.413188091892751,0.26813259116799,0.223109864189081,0.56746721983133,0.446625318068166,0.371510566470286,0.390060683123807,0.656641265140966,0.325959057690793,0.523599060359255,0.791097865720271,0.388985165529379
0.718234650177128,0.325426979950298,0.452877033566741,0.283773389672528,0.600637299792396,0.54668020011909,0.596173511555516,0.137529714053677,0.167735013266162,0.296479725787281,0.445485894277532,0.384338959666268,0.448099872136822,0.385913867471109,0.655888768564083,0.45404594449418,0.324097623857302,0.895792517255557,0.405903639824554,0.28134685415813,0.048894250580604,0,0.534412728160464,0.423588783785186,0.335466742923008,0.598298481657504,0.609253575037426,0.328118390937215,0.746826745015359,0.871427951195238,0.451575219301968,0.520701157742405,0.734738374814574,0.254924159641503,0.346642842598594,0.794906958093219,0.682529352843073,0.55459422910873,0.532630896520932,0.6623810991652,0.634924037489638,0.73117989962883,0.923890920202,0.688711803976431,0.458316269471837,0.529532317836437,0.415111636563053,0.894317707040198,0.457757430980198,0.318889842945472,0.74116565919479,0.44874458530568,0.628864420583148,0.367538376770327,0.744636265144716,0.421038396384827,0.399148125750327,0.689754449104159,0.435395317083225,0.264999352284215,0.176579692806222,0.552297775641133,0.469341472446295,0.388964698012871,0.412338272156737,0.691600368397008,0.323781286083862,0.543838187639406,0.80558576810086,0.412649188210156
0.380238591663736,0.272826513106431,0.209117623524372,0.559741676850993,0.455741742886657,0.098627517874587,0.247578813742726,0.450318228738832,0.565247581076127,0.49904976597101,0.128608111963369,0.36377224956403,0.122694087204891,0.203052881049673,0.317752480346794,0.124506258786556,0.473550534654996,0.366883110948281,0.233568381721015,0.49087176633732,0.515366219284348,0.534412728160464,0,0.228953273425723,0.226066026597799,0.113317453389094,0.189431243007216,0.482779300699815,0.472793292814479,0.480056772032773,0.130749267256938,0.371699662217064,0.558122934962766,0.362420900876281,0.236030159904362,0.374107021778908,0.371840157165087,0.168705782905275,0.271343228913093,0.215692557442209,0.256579341365148,0.230075701945349,0.552213599512327,0.175090165095343,0.147773041155923,0.434701447284017,0.35214402490617,0.530649394900256,0.127427599117248,0.392642245087754,0.557474003077443,0.11699880165694,0.37058289224478,0.246136917479081,0.226295563083786,0.118252968528797,0.528530479127153,0.441733432795454,0.110665313679615,0.335971516505533,0.578974138303928,0.42286720206779,0.177722326674226,0.157852352424592,0.133354532414992,0.285011061391149,0.28605406675647,0.0247860672079079,0.335693220370851,0.565912915008555
0.43257913565589,0.141258290291464,0.349637421289235,0.475529173869507,0.394466791209061,0.282732568663467,0.448655819534066,0.301448030237001,0.444018142891493,0.307556320281345,0.261937230118747,0.137149770217345,0.255268343373295,0.264704900027909,0.524432060963891,0.259424171173208,0.432692917117105,0.51650780462143,0.0187855864911067,0.28380017954507,0.424187066102203,0.423588783785186,0.228953273425723,0,0.166853077990749,0.32366220721655,0.407528789034819,0.270120221255381,0.654588318498582,0.705558948275625,0.264885503869303,0.509117010162913,0.693922910839493,0.210309905435132,0.110908872377012,0.588661818490025,0.337376258432145,0.366334303802907,0.129730785218306,0.438709721662948,0.257681226656721,0.426933555671894,0.72028539652258,0.378773435480003,0.231335296576267,0.50166630776647,0.420689375562143,0.753223939601481,0.269661971213244,0.43448594741737,0.736624064298162,0.24597046179881,0.332950935111177,0.238380709093266,0.443277034542442,0.201607003990232,0.421705289905046,0.567974636125637,0.222536269046978,0.172672857693901,0.411075897959955,0.223324351861538,0.30452205750615,0.156806868179696,0.220531687487323,0.489612480309336,0.104158262787594,0.250219747537904,0.48990410307207,0.514780481449699
0.525112922817562,0.0719362447204817,0.242033645371028,0.451481861143195,0.500837737184348,0.230286716997752,0.358774968413827,0.243511383094899,0.406600784643901,0.29397577789676,0.173073121926443,0.245900943168235,0.166761746202824,0.204192797196385,0.435401339096533,0.167505506895182,0.282940888850441,0.578447734502049,0.157906427252418,0.319406825677573,0.327064131598313,0.335466742923008,0.226066026597799,0.166853077990749,0,0.285229222635837,0.349119442536629,0.299873872830956,0.535665195303382,0.640605963881682,0.169731156222866,0.366952703470325,0.655809869240453,0.145653156360982,0.144369596277015,0.563421606041039,0.381988555383725,0.283558123696024,0.255727345958284,0.402243203977768,0.312599269276005,0.409278827190022,0.644307488845336,0.367837948541053,0.137357715924588,0.35443570957993,0.259340596423736,0.680065170962524,0.178341731775796,0.318699823814089,0.613397964015781,0.159341465178144,0.340089530893966,0.0857907098525821,0.447056128792109,0.127086770765776,0.463036013135815,0.564579990662279,0.149306076526582,0.180812994597757,0.362049976151177,0.379161482478804,0.18835562702231,0.136267372963391,0.132636213130713,0.464684209691238,0.148625146893886,0.234992559105779,0.476833747613021,0.511872324489496
0.462566203979973,0.339340258955121,0.213886298670105,0.647741951842543,0.563674048084258,0.0566762208857528,0.187904711855642,0.52403583988785,0.64949271458522,0.565746119240235,0.161924739262139,0.459117433721175,0.15497948633923,0.275765074745117,0.25322747919046,0.14722766759661,0.479542301962607,0.349553507209151,0.329319717996896,0.582171243861392,0.576774158663271,0.598298481657504,0.113317453389094,0.32366220721655,0.285229222635837,0,0.143496061142095,0.561217063544705,0.376877583189789,0.403703622480957,0.151422400033097,0.325756719968689,0.582278586009842,0.427885860486113,0.335940532956679,0.343798864334296,0.37503329303565,0.111946865195532,0.343082238915275,0.179237184559887,0.271926838651167,0.137029048508624,0.44112885789884,0.0943377383454976,0.159855601603313,0.382667593472729,0.328122869152357,0.455633000084178,0.147386148375456,0.430592904691151,0.496270202102731,0.151494324387755,0.366984265105037,0.270070622955679,0.184280542738331,0.18378561308861,0.633441511729447,0.485782836269082,0.17002133756235,0.428790286779047,0.647151293044813,0.516364870648597,0.156054981049593,0.253681033022831,0.190663416477853,0.277178455350197,0.380013923664217,0.0900205571612864,0.249354052223176,0.65644708317102
0.450004482575282,0.414794452815948,0.163649019343218,0.62060598883167,0.565574805120651,0.170406366129721,0.0862355630737454,0.561781171606177,0.646730626229126,0.642789962793092,0.178579000593012,0.53575371142385,0.182803400687099,0.252904036527786,0.13506402131898,0.182582016584922,0.525153161670677,0.405521889734773,0.408095283334269,0.639092674916354,0.577878406155878,0.609253575037426,0.189431243007216,0.407528789034819,0.349119442536629,0.143496061142095,0,0.639921927829802,0.336212119104299,0.300047386718215,0.181086148910156,0.269570609799508,0.453062742436321,0.493339301965999,0.382276237866464,0.230954974409227,0.517746698183431,0.0888151139299679,0.458307763909203,0.0705714150051752,0.411833941270206,0.223917827615052,0.481571663183262,0.191714230429219,0.247927380525999,0.424239104975809,0.337460325014859,0.345771398289113,0.171958886843164,0.37164644891592,0.38642027264323,0.189799970375314,0.505640933101712,0.338675589181988,0.183000827768952,0.228445704116657,0.623090481543685,0.380407250710847,0.205095603041216,0.472412537708076,0.69389819081243,0.609987740569276,0.200723834875012,0.28789498946788,0.22197423995494,0.160718313538316,0.439673199393155,0.169048899499973,0.353754495186741,0.611269640022723
0.662083298301797,0.230898382692433,0.533460484160272,0.471177298714087,0.542633298754283,0.509636222342628,0.657709497799672,0.2005521618644,0.371523459524902,0.0813960787512023,0.466654836393101,0.164274533429356,0.461146400304726,0.448833610887636,0.734090485378472,0.463662040785077,0.402413224118016,0.77764458922624,0.261890043452349,0.117405194155596,0.359672679608868,0.328118390937215,0.482779300699815,0.270120221255381,0.299873872830956,0.561217063544705,0.639921927829802,0,0.824213183373913,0.936950125940214,0.466625813088464,0.649552638553019,0.882887031647286,0.172361571409854,0.286896893159538,0.837913888343847,0.467106605455459,0.580801976162897,0.315303390672599,0.684040706123858,0.45193683192351,0.667192271449104,0.898391051039668,0.62619781536871,0.421772133942378,0.578026668671821,0.514420700886972,0.977929495080879,0.474449606252643,0.528342669279923,0.901031251745849,0.453342635640296,0.435151006419975,0.351876460364601,0.70591489505506,0.41181089560546,0.453462995797707,0.778150713845071,0.435546914893991,0.212786916679432,0.208518128869624,0.286296525526995,0.485438197329204,0.369425631890943,0.421370515273921,0.734290587141143,0.218148024454813,0.500002658108918,0.70638038040538,0.565374415125501
0.785677979261343,0.600607720442019,0.369195873950076,0.843021069009143,0.89105882143163,0.389266983983542,0.264028510904954,0.731129847804187,0.840638826295986,0.795673560726917,0.415826662849859,0.772877420035623,0.415994382865352,0.515515569545012,0.239904316106389,0.406205541566607,0.53989280469266,0.633716838366057,0.654608202022027,0.849881341046975,0.715162455923666,0.746826745015359,0.472793292814479,0.654588318498582,0.535665195303382,0.376877583189789,0.336212119104299,0.824213183373913,0,0.31420387475142,0.402577183996303,0.238185439433912,0.66028399313935,0.658985075211871,0.636293910682901,0.452086619120434,0.652811227006386,0.311731105247152,0.686617670165022,0.37698432720997,0.594551442953276,0.383271175028903,0.302821331030565,0.403164006223749,0.42636497594009,0.327914346584894,0.343230682313938,0.321595771256819,0.400196193566339,0.522565150668318,0.256529814968835,0.420784817103714,0.610005393343569,0.472390698407085,0.445583255605065,0.469050932635971,0.89778342832043,0.660396376022026,0.45240184408469,0.700135144082775,0.834033054629582,0.86704877549489,0.353611324543783,0.551897816852438,0.457602290342618,0.448244599281317,0.674094313759218,0.44897655786014,0.427686021892401,0.863706320269059
0.645485794728772,0.708552040129576,0.424640396598655,0.866844100717342,0.809281153640324,0.445834699588393,0.28631451257287,0.84605133439005,0.910779579818128,0.933758144261132,0.471648311452436,0.835491746876476,0.476196808050277,0.532958422241203,0.218214910974143,0.4737814145073,0.757774195104627,0.515584317240158,0.707147736000183,0.936188110610005,0.833708027087725,0.871427951195238,0.480056772032773,0.705558948275625,0.640605963881682,0.403703622480957,0.300047386718215,0.936950125940214,0.31420387475142,0,0.471199928882266,0.407258975492425,0.488747110029447,0.783576214914619,0.680644109685268,0.214948345065377,0.753644044500982,0.358683655852843,0.742156429142037,0.275873796070585,0.660554558343987,0.382849377496327,0.461676228019672,0.393128924490762,0.528799336993698,0.591556661917246,0.544450684669148,0.0621798807207641,0.463080104177808,0.586112898199233,0.308853876732373,0.483660534391466,0.745121983437346,0.613590934009879,0.331686749605591,0.52616154109584,0.882806208372758,0.488622465299958,0.502784100259462,0.768225859496566,0.975071972395179,0.89947203744509,0.466968073680212,0.586052503810969,0.517435901038394,0.283961899417044,0.739123555401505,0.458619819503691,0.475223245412112,0.83687226925257
0.47406547708602,0.23815465313227,0.104044224481652,0.514008821093249,0.518620610558966,0.108810980916057,0.192257238862717,0.390731598740089,0.508284179470696,0.463621572193949,0.0240905388650295,0.382889749112796,0.0157127448403693,0.154341795137128,0.269643973946593,0.00765183471970176,0.368179221659101,0.482526992308649,0.261950898216992,0.474040536509093,0.427443623512036,0.451575219301968,0.130749267256938,0.264885503869303,0.169731156222866,0.151422400033097,0.181086148910156,0.466625813088464,0.402577183996303,0.471199928882266,0,0.256766866618206,0.541977394383339,0.313803034255187,0.235744982630446,0.403203694417515,0.423071741825885,0.116802581669934,0.334997131170029,0.239830718435712,0.327625442459986,0.286983440322525,0.536689305050987,0.245143093024579,0.0933514473799206,0.333192531440611,0.227019474944796,0.511586188051858,0.00993136647368615,0.291664221539927,0.474309982947768,0.0199979649241369,0.393083864307047,0.163355311201487,0.306556338316669,0.0668805563874765,0.526403428169522,0.459373079152041,0.0509774040354065,0.313268430720955,0.518281897726889,0.485515234246064,0.0715225931004524,0.150413581521353,0.056904333562767,0.311491658530309,0.28084468128994,0.122821027176797,0.385811883801706,0.539924529839454
0.677645030876149,0.435307026956778,0.191207163415655,0.613763298863864,0.731416110071203,0.30997375254359,0.190150781328626,0.522203963912252,0.609732342897589,0.620247289659501,0.263553212365192,0.608016437673059,0.268269134972763,0.328275767668961,0.210439451820088,0.263385528401411,0.376016418893761,0.656579476219043,0.503138195295455,0.65582384758,0.485060597337398,0.520701157742405,0.371699662217064,0.509117010162913,0.366952703470325,0.325756719968689,0.269570609799508,0.649552638553019,0.238185439433912,0.407258975492425,0.256766866618206,0,0.542199725783355,0.477587695410642,0.46047331175893,0.444360246519541,0.616621648820498,0.221851409985021,0.579035700113266,0.332419390753179,0.54418789555561,0.4134146891727,0.493032932485513,0.400206641205298,0.304938642659054,0.261543993680738,0.164882092366331,0.419400963868016,0.255918436949171,0.289731067440004,0.261507701518969,0.276523727301541,0.564971675471794,0.316614513219427,0.443617785669822,0.315893505936619,0.688404143164164,0.539331110109202,0.301749613214697,0.506770970077879,0.629380986626544,0.732217021108033,0.222786738043258,0.384652187592198,0.296693576346412,0.389596434309842,0.497752114195079,0.354467375807289,0.496645330073794,0.646624587577887
