0.0,0.3460212216407028,0.3497247532353629,0.09489724347991113,0.3629263924927397,0.43961956910978484,0.13241161561149517,0.47979781291748314,0.8955222921159451,0.9321300941854664,0.4695535123155661,0.42568971213870244,0.7409759346874818,0.9757544364225004,0.4279009933575131,0.7284401914021417,0.1150940824616189,0.8409539935980017,0.2134429445943351,0.2764327734960459,0.8300408676330597,0.7748447001366232,0.8429958956832608,0.33979991187918723,0.32584168183159634,0.22545213196776337,0.4922146285329845,0.5915655716147348,0.7270053613768233,0.913151942793289,0.8704509516954433,0.6911549599866895,0.506529994024852,0.5237668421423338,0.5013547593882113,0.8648679570864621,0.15539745329598653,0.48072518602481207,0.20555524222230548,0.38411497653251425,0.2163519012028643,0.4402399655903304,0.2286836341893428,0.6018819891432428,0.24641029592709418,0.816384871839188,0.6480338029805954,0.8556857784004768,0.6259012183175998,0.8662924636031761,0.7662597335734012,0.945191771296588,0.5533795987706154,0.8127228412755318,0.9059863651030895,0.9593585489044205,0.8904310952451877,0.2546804855871456,0.8209352769664666,0.5162143597239224,0.521488484869354,0.48900830396818895,0.5944374958941601,0.8919027480439836,0.7686466799176364,0.27661409154717487,0.09359035320869857,0.5724768852489694,0.9368104540653401,0.8624597444948592,0.6150634155093091,0.33459728436758884,0.6178168705799176,0.3495972747014675,0.052193154138730824,0.31936910005845087,0.4451035881846064,0.6410071924214651,0.769752714505963,0.34589310859102396,0.31447580701647526,0.3767864641441332,0.689823787989492,0.011428484316972742,0.12359092880329592,0.30227809183913035,0.430647479220033,0.33708529844675805,0.26607044340419095,0.26357070100922475,0.7246515751053337,0.9603745383091968,0.046506880600241995,0.6829494854360685,0.7806880434478316,0.09111689481630836,0.42150604051803886,0.5614550187569771,0.8747883959468294,0.47693008557022787,0.8982927004829229,0.12800003668971405,0.8161539938765792,0.8835935118811977,0.41300755907150943,0.771406956175265,0.010865039828359624,0.998637003901661,0.3018106890233616,0.9258226528462159,0.14206977003666088,0.13100326355930791,0.9081153255789007,0.771103745398267,0.018888066542168902,0.9220837554406782,0.8500398969387819,0.9778496541549393,0.4022367872297805,0.7071430141764312
0.3460212216407028,0.0,0.3773147317193639,0.49756642694242914,0.5870746516578393,0.4582186565765318,0.8814038224174272,0.42986202865778766,0.8166439216677346,0.8304754157876582,0.9902134486223633,0.6763988116565927,0.2382717058910946,0.9931924943268122,0.47636279015616734,0.554262571861345,0.5784820729760967,0.34970290071075816,0.9218488209331466,0.5831368961939334,0.3003052775214392,0.755590228539738,0.9682688795622805,0.9433432188344919,0.7686570401655577,0.058529297619736464,0.43751406594262177,0.8478109240293326,0.21913040727690336,0.6973441939416649,0.1146460943211427,0.6686121068709137,0.46716828162713986,0.11457846123105986,0.8925273835068994,0.976960350709045,0.13513491929923171,0.7519319287603765,0.3241597130096019,0.07899520168870966,0.1290155834419442,0.4795078022711343,0.940389100165109,0.0796866220942758,0.9898032087273507,0.4893506002031869,0.055874474899680227,0.156640286958438,0.968719841853668,0.2574254784379135,0.8835277771180747,0.37427558539096717,0.026587551038595558,0.832940079118528,0.7625501461825008,0.8307941324562547,0.7648291640871445,0.6894043293905734,0.05581623485790277,0.42311840629718733,0.05966130497714883,0.6389332152978153,0.13273915673611092,0.9773074418048628,0.9085332822898262,0.9032280603004257,0.07741640095531355,0.30700846982299534,0.2594985990443832,0.34582159558683423,0.9581161055218637,0.9697025245252515,0.13009857077925346,0.6677017474686682,0.5968122282384205,0.5439249946544995,0.5017345989368691,0.8552748859488442,0.21901566529212202,0.42082493014737365,0.0243335856067739,0.7293836721320732,0.7800728907191612,0.8344491225740558,0.41106039264994565,0.841410010400534,0.8659253926594552,0.4762356248193491,0.27220333391457574,0.4129122769873377,0.008474917782348435,0.48928594347735976,0.10125411392167294,0.2780113401773654,0.8825025928712611,0.8850754467752056,0.6471567966111904,0.6531669885941513,0.14045231447811557,0.35691279804126075,0.8011897137491018,0.8901817436993635,0.4114522507469267,0.5990676671883017,0.047200418568220215,0.7343350959801698,0.856450660515824,0.0012815275873314658,0.10423422721525188,0.48124319726250975,0.7575286754012938,0.08454234272665029,0.7552822340303587,0.49006807116625595,0.5260164897651731,0.9290992367511697,0.03505387218604494,0.9298526388562005,0.7258784093581421,0.906112549764877
0.3497247532353629,0.3773147317193639,0.0,0.43216136337046596,0.7073483639534948,0.9458668560456802,0.17750979952930668,0.4012381878234166,0.008705217851044722,0.1960526916894938,0.9516312885413003,0.31582233482003197,0.48970535017142724,0.7765875021570086,0.1828178251388637,0.6575941377391064,0.020329754517971477,0.318203514353973,0.11979043279256096,0.7387514594176818,0.31442862534912686,0.225351601625442,0.7035920600679826,0.8051848352569353,0.6911659253796811,0.12068802778898902,0.23895883778769877,0.2238172196444168,0.8198176281385672,0.21581873788480466,0.19480573791139344,0.40119525972020953,0.5229011068312652,0.7358238817091001,0.13827494215517966,0.318990311246516,0.3169052344655585,0.046967649527059674,0.8814333479780312,0.9550140877417743,0.6277493769522371,0.6368620564230378,0.250124173785931,0.4967245660992723,0.3777362772014681,0.26291784425334574,0.01462507484939679,0.5683418122089103,0.7318503637421776,0.27727338801444845,0.48049679624238695,0.7604283246338757,0.9471581948411827,0.4928631954499689,0.7873977594761914,0.7604199603939743,0.54824578204556,0.47535177590898003,0.37318180560247227,0.49876072693468454,0.6776354963996447,0.27400038295752127,0.42123229655410044,0.5642028993048265,0.2698456573296144,0.7581557176726097,0.4559235641412116,0.17192528628169357,0.4677262909860307,0.6855380293276518,0.11205315013763406,0.419245724668152,0.6337599897062927,0.2594569323792997,0.32795274918562334,0.7605759258671942,0.15567826445356303,0.9767190112226531,0.7790206716504606,0.6538239819059459,0.760359334771582,0.37931894565459356,0.8260424087078451,0.2755703152092128,0.7243204074820866,0.5882213530073219,0.22723998971065318,0.6095319437633395,0.766769225295086,0.6954767911988935,0.5302254311990131,0.11680655399720075,0.9689392441220028,0.7888788915263505,0.6255011180031731,0.5572633161186176,0.821489567729998,0.2807800781156091,0.2742846760948916,0.8597803391879606,0.5603292411311624,0.5540475470416861,0.8870106780168936,0.9152135602724187,0.3180480077357706,0.5123036478337384,0.8498310380010867,0.9150322882244959,0.26210340260846277,0.5699628741969851,0.5012886263574241,0.055813325034390626,0.051646862142392,0.043417003115716835,0.8255008931257786,0.9218033311919398,0.12174937584418499,0.3162604922468466,0.697045028212196,0.9666150156638846
0.09489724347991113,0.49756642694242914,0.43216136337046596,0.0,0.1974292710984411,0.10966512056351707,0.9064937869598746,0.9378717916275392,0.1294801516670696,0.5244523749050694,0.227042301592433,0.8602977900124402,0.7394619898768671,0.47510371446537003,0.9046400427094501,0.152024023548047,0.1866035012599645,0.17157755245195716,0.10091877970943997,0.80548663308464,0.8925819658391629,0.7703975454252325,0.5134642148211943,0.7508737548075703,0.5267761653862395,0.1562122976164415,0.6142907733593979,0.4988103627253633,0.08308901658755197,0.016695296266415305,0.8767432026580513,0.7752408086674145,0.6801628687535477,0.5127161949643428,0.4011038767685786,0.3794544387779861,0.5607559234472332,0.9523673005037745,0.15195467298060916,0.7178118040258143,0.3097312441015494,0.9194899852715681,0.24949019714190968,0.07601546386895164,0.9875391814514494,0.5564771586099562,0.7017102324613658,0.770019393219421,0.9556659900083995,0.014179277295456538,0.9867622528201354,0.07256461531952296,0.0918565957656643,0.9065057655823217,0.3403649875453352,0.8491037701635082,0.7696394065151408,0.9041644935761766,0.8885916836600749,0.6988661409857186,0.8729497863064437,0.08931997495290322,0.349746799818371,0.22844959621506944,0.5535422451630141,0.886641817479267,0.14351178424961364,0.9924105331220145,0.6291377786018308,0.5902869949899034,0.47029730130265324,0.4209337361911336,0.8717001313524282,0.5919473742555119,0.4636660522844587,0.5409016446368173,0.17498135162300055,0.7939283575332647,0.5038765610234528,0.6973083152466504,0.6268338179726061,0.3166123659452331,0.7004229185439619,0.1561936852241288,0.19009030219716938,0.24812686527111993,0.339995549215782,0.4581130116499794,0.8300178577436848,0.030517752993466374,0.3126845574297956,0.74360853526012,0.8797880485202381,0.0955413237952829,0.6814872820332598,0.9743139375942964,0.6071223231336986,0.6669827060731299,0.037951188871139685,0.15050632115224438,0.7850771614559846,0.24272630585931565,0.47991521769646694,0.8281880809933615,0.3737842758581207,0.5458057481519356,0.9935890091153186,0.005459120867063794,0.13706581242328397,0.31856369038145904,0.3897975787204271,0.36843163775919474,0.31469013974690263,0.07275201147244292,0.9289208846928694,0.06245935038661421,0.6093131048106115,0.6554786328156639,0.007795745278698529,0.9523985780681798
0.3629263924927397,0.5870746516578393,0.7073483639534948,0.1974292710984411,0.0,0.33494237638483804,0.10473005786697542,0.4694078428484214,0.7480401167803232,0.02606289158987285,0.9563113950412556,0.49119514840955514,0.3998337305543169,0.03815728224288906,0.3371416468440984,0.26854465217180246,0.00910652126513778,0.7373785683869363,0.23653557796074143,0.8875755331586275,0.059288084997356494,0.3837874805300654,0.41868721147254573,0.2018277936478856,0.31880309306619314,0.441957444797201,0.6778513011159006,0.486148636351023,0.42623715330744094,0.33033134641952056,0.14266113625323262,0.49984535539627273,0.5479964128969317,0.8919799318969828,0.15671294596622443,0.11372988246231897,0.3527631145105945,0.8727649384786824,0.10178877114826057,0.9357214655357156,0.12167079364727362,0.4693330967443454,0.7238388831247207,0.7708671864739816,0.20551796216034957,0.626185422135124,0.4916096511920178,0.8402049131286182,0.5073199743133074,0.44083032383104337,0.6616408029292931,0.07367337674993601,0.8499909165986343,0.9556825089927421,0.8364728306060907,0.6800525258065377,0.48730937543902786,0.37327863140578166,0.19374212480979303,0.466641897033496,0.552259713086561,0.15940553374334865,0.934186911553899,0.778411748279016,0.02009904108755145,0.17951489708971913,0.09656372036900551,0.4542064648717403,0.48597749071261576,0.4388373650154338,0.6833942052322648,0.416931167409025,0.37968893548186844,0.2757693117453679,0.28203026687409327,0.8743398649919072,0.8673348532218732,0.5817316553225405,0.34419199425595237,0.17832909349235893,0.9736659655557005,0.04118310546992876,0.3577612896254003,0.30908749298563865,0.27354039844262945,0.6055904979453668,0.7938798838913332,0.6813472587639948,0.8482540287540064,0.21355891437823926,0.9583103985494341,0.43700786796120705,0.9471855727655822,0.7924393610954756,0.7218765115332713,0.5249451677366033,0.7650422108152091,0.9003792272635318,0.9394547824057911,0.9415706736720013,0.9373560094607558,0.5236108732782536,0.27879209213706435,0.3612741700259685,0.21611087414350716,0.30882411707011714,0.36655304167658787,0.3436351912030313,0.5748280996418058,0.01650308884535634,0.020082891226884447,0.7025911080294045,0.6804123532089401,0.7563022147216605,0.9563682588407718,0.5873611773767118,0.5693326748714576,0.2647419985712278,0.240607400713458,0.5891367773596139
0.43961956910978484,0.4582186565765318,0.9458668560456802,0.10966512056351707,0.33494237638483804,0.0,0.09110966871115989,0.5068483517551006,0.7838004621958932,0.44267057089989725,0.7567521795210048,0.6984653272288159,0.7152483806472958,0.5841378640228532,0.12876027219409525,0.6818395705114457,0.764298599648205,0.48689616141709413,0.6447759792699859,0.9110919131108721,0.39739843434588695,0.19598647065049368,0.2219163422463888,0.1167777497957081,0.40594429483401906,0.07895415456561516,0.4060469915065741,0.2639862964409465,0.8373237741373976,0.4396988209803667,0.7297200640173143,0.6913613906302427,0.6915894130634581,0.17882232134523135,0.6020125797862532,0.5831053895855729,0.24478277834811046,0.013974079493237701,0.23155903947579093,0.8046156762207852,0.532937559935426,0.39219133502917014,0.30861616474852016,0.5935419444459398,0.11430775192852094,0.10237367693720478,0.8788793724229031,0.7571406177360518,0.10405171515630873,0.11854959879123528,0.6040605546555209,0.7254634434810241,0.35410330650322464,0.06906110812353239,0.7299068994651932,0.08339126388468254,0.9772877976073127,0.5863990133135804,0.7026752299726384,0.9939713512248749,0.6618948814861361,0.9920128299686339,0.4157899982948059,0.13043471008289798,0.35231104839072946,0.9118359055855401,0.26967051125492025,0.6546986936618293,0.7021254679388416,0.925954013464116,0.19806512191974357,0.3284440282038317,0.8999479527349254,0.24970638741719675,0.40230666137892346,0.2974042715423406,0.34637604626182217,0.9109452986381523,0.8234555860216601,0.8598882488104602,0.0767728344620986,0.2543575314252233,0.4526865761282852,0.1514216113054183,0.5775324288733512,0.34131935972545113,0.6011593796803558,0.8727551016240176,0.34936213216795275,0.1775525891843448,0.23695616294633726,0.6190356934391721,0.6876242566041952,0.2037079303259446,0.6726026049505482,0.2915084772012835,0.6019469173840939,0.12778853068807838,0.8847200020170933,0.6002992125512159,0.9426282832476387,0.017479722518963348,0.48257365705940436,0.27586442795435184,0.36146516543028695,0.6920654527676628,0.332603824463241,0.5833261531379719,0.13474381190486584,0.268069481550405,0.31943732407407865,0.9262950545767352,0.21291107925559638,0.08030501375439747,0.5605343317777871,0.8291793192473398,0.14049403515017045,0.9681812494476627,0.7505649602030788,0.6776929725501235
0.13241161561149517,0.8814038224174272,0.17750979952930668,0.9064937869598746,0.10473005786697542,0.09110966871115989,0.0,0.20784441364863815,0.2725878267039359,0.0374933934537347,0.36183491459155737,0.0876373448611083,0.5812205128377554,0.7749723256530776,0.09242016729964586,0.4411595711612204,0.14231350554207567,0.9808979085880489,0.02653159491599122,0.15785647296654393,0.9467855565119634,0.8199901735704016,0.7777433554293185,0.775851384544822,0.07281885894999474,0.7963795214106288,0.9654053953853088,0.8089149317906239,0.7996311095090163,0.8658961154707223,0.6152054672078893,0.2544485588074923,0.6649439790042679,0.9214454991309617,0.8317930010083197,0.5052829373054135,0.48640521605750053,0.4724047101925777,0.607145410667931,0.24015040113729236,0.9309691178540387,0.8775152717069619,0.95237789874051,0.33811066406263457,0.8111944190117633,0.4549016734721194,0.38426843013006584,0.40591087462513653,0.37807234161775427,0.8752755264486007,0.22684956478332463,0.8190143244122827,0.21195669673197814,0.8783149758684532,0.1496089468822206,0.81387523543393,0.0924622679844136,0.8016321059144165,0.9418129677977185,0.334805933505367,0.8265717099750614,0.9601126416136372,0.09373902040423188,0.31008164711445163,0.6568531600193386,0.7949611665176661,0.32353303224110763,0.2909496888550156,0.5658458065868104,0.8147865276894819,0.2527859609160017,0.7179373736812475,0.9926972741318141,0.7189053565333425,0.8534996617062225,0.3381387442082673,0.6466233580386407,0.9481492063243391,0.6050238679197075,0.7995446943176325,0.9447692045698339,0.9836051551190443,0.05449106718684038,0.3763967658387444,0.24191370793457723,0.2597164518459205,0.8093786786982837,0.0663735939806549,0.4476865173904798,0.9613754880409358,0.6247332374505572,0.6812553900250711,0.2699902247064294,0.17695255042411118,0.9255118858248597,0.925758494867392,0.18917931725512394,0.03906151292474913,0.32192887848739615,0.5017608982529354,0.7080465016756705,0.0390888033179182,0.027947048437390487,0.4079356798344389,0.9320368671454067,0.18740544657484293,0.9656589213151929,0.17857076624417,0.4090145975267099,0.9427290087579554,0.9570939402180922,0.37248460710616516,0.25222421942561346,0.29683313197188554,0.5680124551531516,0.021041646439344586,0.024491477483325363,0.30307962488014706,0.06505307420644724,0.3014962148897742
0.47979781291748314,0.42986202865778766,0.4012381878234166,0.9378717916275392,0.4694078428484214,0.5068483517551006,0.20784441364863815,0.0,0.6290986370295699,0.5331566608521547,0.6843563505125543,0.9955409796081931,0.7856006986122979,0.8100241010870739,0.09856580387839986,0.02512442746221044,0.913694510132181,0.9097474147585649,0.8691241753008532,0.6664913952619247,0.4492125446124926,0.878147264722219,0.7965902662595925,0.26883614158027935,0.3312267700859013,0.6660758035377101,0.7345785690024367,0.24124836182485998,0.6994462599119233,0.02713311532237217,0.05515018384431203,0.1974630360549905,0.10549920761403708,0.49667710441504287,0.9386398258802515,0.47364936807743474,0.975490687979929,0.03625880497655176,0.613177070700271,0.5594024240850259,0.31204072879713207,0.3497359979038144,0.5550020764874715,0.9136621088475698,0.33487164600909813,0.037834097707227565,0.07413207319622006,0.8114900862935539,0.947287343125421,0.7575502094392059,0.6217263428974942,0.02447930288300393,0.7821168762001733,0.5220780495942277,0.6045930680193703,0.702722767445245,0.5804890032502066,0.09991560233560381,0.9159227129773813,0.3211895308871935,0.0873582971233362,0.23644962296815697,0.714561808262371,0.6983076957741505,0.6062078922676242,0.37745125364038046,0.659858045860692,0.8868547546303913,0.3724019953444837,0.16784930628173766,0.6363296344280243,0.015360714831670563,0.12036139786806199,0.8888676807479783,0.986917470727052,0.40256528508797484,0.14318472684529815,0.6728867536490655,0.8303670259596103,0.35315818213701,0.6871290794180349,0.10904620290699985,0.489075780794205,0.7310163360366266,0.970374537928067,0.6589555995499516,0.42350413515120966,0.2284169856623126,0.07419102811119482,0.013645444908341187,0.5212574516775805,0.43159268479684343,0.4538306711593252,0.6763198259126699,0.41699238573825137,0.04676856023125575,0.09718244757909611,0.4393938091967373,0.7483378864413979,0.47732492778336755,7.958108539618536e-5,0.8578314709470825,0.7782269466895417,0.4273144340004782,0.5887665958167907,0.2252521483185823,0.6973002843252725,0.5318998660253575,0.6964493744420985,0.9580947049211099,0.3791520900588463,0.6343262077601963,0.7947821373759465,0.22630406566977945,0.17419633644171917,0.1608832759130554,0.7803910765161413,0.17789644695941265,0.40149661933295944,0.31847657072266267
0.8955222921159451,0.8166439216677346,0.008705217851044722,0.1294801516670696,0.7480401167803232,0.7838004621958932,0.2725878267039359,0.6290986370295699,0.0,0.885103252256529,0.34017199438482737,0.5373008173518299,0.718957932044231,0.5706470298319881,0.4376759271967803,0.17026227908882907,0.6954570093703449,0.8185074622318063,0.38367133334017667,0.3220273275484058,0.3193528034534703,0.9751380122776006,0.43733260045646283,0.9624020768750379,0.6284957969285638,0.13472340893753465,0.879803712797401,0.5330653663926308,0.5951379703138562,0.8410796429200675,0.6584779002567644,0.5198956482161359,0.19973418027665435,0.4084478319779645,0.37227174867556734,0.6693822998163828,0.31279768658264584,0.4459916808964417,0.5150290160735118,0.6142778376592579,0.9643702989235152,0.04170183653776216,0.2613709619342124,0.44742292217414237,0.0005678812247944531,0.5282586654799739,0.04024401847754011,0.42924469562263723,0.7914842052640898,0.7459774446780689,0.9703821078459496,0.6884171006397106,0.9866047217198752,0.5578531681091359,0.5039090807632125,0.2743590027397462,0.6946150317593094,0.16750309463671997,0.03988870436860248,0.09332717170448768,0.9385034780439967,0.3979704438997689,0.05577117085463357,0.19640620415531895,0.2732075930140694,0.25140115308972755,0.9779555942247322,0.9490042640436167,0.5197850149819603,0.9952775148137376,0.34403889478417193,0.057233050901796645,0.61141762810286,0.9755999647135742,0.38518306506614475,0.9410212623643737,0.712662902148272,0.5382509583156221,0.8437005890497689,0.3818660662524489,0.7610817214837529,0.7877271726155206,0.03512084946450855,0.4248949319783917,0.13050545186350204,0.47868386691557707,0.9783887891147287,0.04898733753332074,0.5311150752208231,0.198534088763467,0.055342105713136025,0.8463391337790203,0.6604767686351161,0.30921276955021537,0.9412130051481793,0.7841423375782872,0.04220598623413352,0.5711962171434781,0.6019059782033909,0.28000482853923025,0.23740824228439106,0.6195923031579311,0.4281217723969799,0.6847093592846516,0.4227529391187623,0.03243577392577657,0.49183685325604043,0.10320386002862891,0.29204488103014103,0.6697343565671503,0.6370755032134128,0.23064212609788637,0.9883055357704997,0.3930347276089792,0.4341027228153551,0.7691821098861076,0.37779486856945055,0.7210431738176002,0.837593642258331,0.5468041714732881
0.9321300941854664,0.8304754157876582,0.1960526916894938,0.5244523749050694,0.02606289158987285,0.44267057089989725,0.0374933934537347,0.5331566608521547,0.885103252256529,0.0,0.1789027087868631,0.8326252378870609,0.06331964889430086,0.30172332688360526,0.1702504493472783,0.305307961226742,0.5657081345821253,0.6722528347888392,0.5238219565804978,0.85802491767045,0.27424978295269087,0.32226980887031886,0.013913572415751752,0.4322454419448005,0.9200466624792094,0.36417962963169326,0.4505882840075419,0.07841581622265581,0.5451870447322169,0.9324212728964183,0.8554351179973791,0.0930970547313279,0.6091934005510999,0.5671060228772604,0.021076796562440103,0.9135026376769506,0.6471718417794972,0.11804064744769427,0.6580524508730028,0.5751522917199099,0.16790453901451086,0.4811276088432934,0.9737066246487802,0.16490712363964155,0.8913604271964672,0.033697845200647114,0.697816813057236,0.35347438987432445,0.8843763625163674,0.40055862915397755,0.47850555994182664,0.8669748891317326,0.369558055449708,0.6279429014914057,0.5200230325291357,0.9976954470618249,0.9603553754387417,0.9385053741747513,0.3363974372598897,0.12548905157599588,0.5488647115260179,0.9385484708539023,0.895820475144578,0.12343041588349246,0.07280305281600286,0.9040960352244729,0.3341364384128829,0.07055896168451437,0.39374407763346286,0.37900281652952716,0.5479731409580315,0.0377784566854551,0.8988857619093151,0.1603929108005353,0.7791471835004788,0.2502894994039313,0.26264304797349625,0.8224216260531927,0.7787552079762683,0.4698362951893271,0.6316407433897107,0.8909255664796052,0.25539113754955345,0.9549365701578163,0.5776909347675598,0.5903052238412403,0.18347279100023273,0.3004574633805639,0.13576832533794891,0.7454501994187186,0.47262214999133034,0.014887178804467105,0.47844137150471955,0.2724712655513368,0.13835244312325168,0.27922374179836607,0.4184434464132065,0.5487882223030829,0.3259711654896582,0.9150202367194347,0.6617949964493193,0.713848624727103,0.8069979005038477,0.9707644840365537,0.8847844275912045,0.9436081832599943,0.9753872548581404,0.7489978801345134,0.12058005728094501,0.8930700443799002,0.42096887411360995,0.5906934542271833,0.2145913032429505,0.5117997562891992,0.22526149142278973,0.8007040267117969,0.13962321648831688,0.9541793874522739,0.553777785839586,0.8898477623714653
0.4695535123155661,0.9902134486223633,0.9516312885413003,0.227042301592433,0.9563113950412556,0.7567521795210048,0.36183491459155737,0.6843563505125543,0.34017199438482737,0.1789027087868631,0.0,0.8406513034061491,0.5946830727189312,0.09509145935743546,0.10310444260454221,0.1550986318553651,0.6418089311351207,0.4602800631728807,0.5239486446773525,0.0030524757776970723,0.48109154303023516,0.27008649739855106,0.8943705174622372,0.6064752519737018,0.8054817900599316,0.0508502550995078,0.00016859827926030135,0.9678663694158132,0.06822474935484046,0.3299773903185039,0.7031011810190764,0.5206607559251268,0.35887718819277126,0.07472359859229583,0.9067582343399456,0.04455342899242676,0.13175214389905276,0.5449774263165117,0.6154119652833732,0.6073796775394862,0.5384125299753852,0.7904006468589582,0.8688716899381184,0.4728611783530079,0.1557185327378301,0.3590865393630025,0.14991192371025508,0.9333975989363419,0.33298625589955955,0.46787544117706203,0.9286662795166822,0.020364399799942534,0.7780432585403938,0.6797947135656073,0.41961452701672064,0.02499541078920875,0.5508016865392218,0.8169535182971173,0.3645083011856427,0.9294069495968886,0.9684485931212417,0.6539441167898241,0.3885884079679116,0.1527879619816066,0.31931995744032604,0.33625554934369095,0.9473724866643753,0.5044441604597005,0.9090818068962436,0.6715062376292236,0.7747715542032865,0.7442717950153162,0.3385703953638455,0.5927279698302017,0.7854965060389594,0.3007097088608994,0.48615210712219237,0.607095686076331,0.34576524382516305,0.7279884323119574,0.4466624082056052,0.3120427828090009,0.609415330133565,0.08906438859823629,0.28786130153552825,0.8512308351220375,0.8442305849199878,0.248853160637724,0.3591222826610625,0.5219691234092978,0.63795277973632,0.6568674202874274,0.4179766670451306,0.283968918103223,0.8408257636922367,0.508055207340427,0.2771759856614837,0.2886185640254071,0.8605922584682464,0.4448966861849377,0.39292887651689745,0.18129871310710066,0.5246181852998384,0.8332751150142825,0.3272122253162888,0.04917562184369517,0.01941053737543985,0.4964362439577228,0.4390671961949437,0.3631861578317095,0.8211282081039313,0.5180014750763469,0.6550998856233079,0.4501554301865447,0.10086553014303012,0.5157148095511552,0.9187459172666059,0.8391919025216847,0.31599428798691265,0.580200041231179
0.42568971213870244,0.6763988116565927,0.31582233482003197,0.8602977900124402,0.49119514840955514,0.6984653272288159,0.0876373448611083,0.9955409796081931,0.5373008173518299,0.8326252378870609,0.8406513034061491,0.0,0.5110150039045345,0.0703076420575337,0.11975142626012181,0.3498393634712458,0.9737479615976246,0.6709767729298444,0.8868495306112099,0.7816470396887301,0.2571294799991506,0.32891245095773525,0.6864278632470067,0.7902964776546055,0.7419120914504673,0.9625541204682446,0.4702765288205224,0.10864694045617607,0.2216609376804788,0.5201472212048894,0.7088713043503376,0.7439638915720199,0.2587468067392784,0.10036577726590279,0.4221785899017374,0.8423467944317737,0.6578497152210991,0.84331440054416,0.9185290282968765,0.8919396912733071,0.49199521587520345,0.4061775061167294,0.15839979087298262,0.19044166997463652,0.3294246000160246,0.30636634444417177,0.5522764098346076,0.6833084539212042,0.04366683624516354,0.8247225305479047,0.37470005013076846,0.3401939933547442,0.18111663237770603,0.2924459152498542,0.9821413097169087,0.29469854730249945,0.7018773351170204,0.3061980469334278,0.2850964716419646,0.947241724413141,0.8520528466404018,0.6072619612838408,0.7808864934088733,0.20943125519995398,0.28233880721112925,0.6183610386413692,0.1193484492345589,0.1631051049220591,0.19907399283711058,0.7940785131803629,0.29132711618769846,0.7806370714194439,0.1767151698162137,0.05933672778399801,0.8075037743976896,0.5720678430180357,0.7585857959394118,0.3103709641663859,0.625587810141393,0.6862181237953586,0.8902899984152726,0.6097716272747784,0.5204680272578743,0.01550127043586147,0.6686706053695288,0.4239488755433638,0.016325833011996416,0.2458847058788256,0.5553761133502655,0.6077713037930956,0.4077629516773593,0.8420154948774914,0.8161868214483157,0.7040564168436638,0.5688654790058549,0.312245183543574,0.3785277352416907,0.18943063340158783,0.8699835018825763,0.10311862795595661,0.6058376654960866,0.3208037704671636,0.09626903408085052,0.859206485581117,0.8955710915349957,0.27185760670997183,0.5583017040505764,0.12494289053171559,0.8459725650223635,0.6133848882319153,0.29577144106859543,0.3774215398984688,0.9527683200626271,0.787504216190863,0.865505345875643,0.6082124586802626,0.2290058310204517,0.9318794779946395,0.6930141947339241,0.8120685346216365
0.7409759346874818,0.2382717058910946,0.48970535017142724,0.7394619898768671,0.3998337305543169,0.7152483806472958,0.5812205128377554,0.7856006986122979,0.718957932044231,0.06331964889430086,0.5946830727189312,0.5110150039045345,0.0,0.1547930908589723,0.3506647396955127,0.9897469186369265,0.49748896409571297,0.21193369388058958,0.788655436148203,0.092627348127442,0.500078596702541,0.2705801352979418,0.49018279525336084,0.16741680412330862,0.890324200873488,0.8387404290619771,0.46203189045221227,0.5171934541909393,0.6952636831495598,0.6321592475866677,0.02193493980714023,0.41685658090727085,0.09488581511853345,0.5493890020338312,0.3571889971593316,0.27432654736778805,0.8378269262688418,0.22315780129777973,0.8551110238535982,0.8890795946554071,0.38613429737043736,0.4378617888747778,0.21515513105880624,0.9138329457774508,0.10354621122995233,0.23839415482362547,0.5960886430688679,0.5805857897572422,0.07207205982679721,0.6069702849536402,0.5938612881953542,0.5479012719481176,0.9950516734102468,0.0667875660787447,0.6221324254725782,0.4107131152970722,0.751436011319814,0.19206901547798383,0.18669213399394935,0.4804007887676782,0.29127398565660245,0.5200705205173362,0.3610093375433798,0.9027735538341122,0.9054108535789172,0.014085626476409319,0.6645141707974955,0.7796617223392601,0.9035978680311478,0.441025295871194,0.6395250860316626,0.7888654765247678,0.8172719348600384,0.38235283810805876,0.8535911630767425,0.9643514534640254,0.420147136922951,0.5774931584246799,0.12414128681704062,0.7736131050182338,0.1977886966175626,0.1444683583495523,0.25786897653112506,0.6699672329328685,0.2619223608195862,0.9554110747087103,0.7549532963016914,0.8165328025607719,0.369579194175887,0.4398902827866644,0.4549960788573848,0.6567170281723,0.6006280690936237,0.36310950353738525,0.30689413823971856,0.803155533611287,0.7890361312338889,0.4315156886203537,0.4056827919572419,0.04834703716414879,0.35086775243784496,0.14796351405168195,0.6179903266360185,0.7674671294256075,0.1380870689585163,0.6947617431661388,0.17569988899075195,0.7341475578424272,0.9691660736485985,0.43386634330918583,0.22933788972436964,0.12774085072802377,0.1548668103595463,0.63283145330769,0.442991429124552,0.9109663880596339,0.49425922696772573,0.5822811516758366,0.8450199438732289,0.21522633295197502
0.9757544364225004,0.9931924943268122,0.7765875021570086,0.47510371446537003,0.03815728224288906,0.5841378640228532,0.7749723256530776,0.8100241010870739,0.5706470298319881,0.30172332688360526,0.09509145935743546,0.0703076420575337,0.1547930908589723,0.0,0.20179462092443834,0.3082446070222553,0.406105775152402,0.737876597347668,0.8030495704581477,0.45648903530035145,0.7132354680499204,0.42007306018879587,0.3288732015285205,0.9980599345645382,0.18526446908730776,0.4683015758970639,0.5107597581778383,0.29156775998357154,0.5515956247317124,0.8281982005042208,0.8202435251384539,0.9228265843884054,0.4414042010836259,0.6846725880263216,0.7900848205743447,0.48115610475417836,0.35223230616936907,0.9248992509555369,0.5238213394702416,0.1582693234364485,0.4410527313709458,0.9744529952296275,0.15941984200924542,0.0965108368544858,0.7206064477113292,0.7726982879806481,0.6586771881555045,0.5944939618605745,0.8584267492781459,0.7344401926453885,0.11356815758357253,0.7131143420301771,0.6184583363648328,0.17043481392017723,0.5740166264121236,0.9365405199252193,0.5142505728447628,0.7329446849905359,0.8048007976862952,0.46351315402569426,0.7020985476462556,0.6371496654239381,0.9013223976246421,0.7328784429568969,0.6544903433707676,0.4396911156398138,0.47583375854765175,0.20937048670547687,0.17482670062657824,0.863198085741611,0.2837118458185848,0.2587161202138917,0.6944396926861545,0.15934900087235526,0.8217404644937225,0.23025291421180216,0.45705906191452206,0.97540035341886,0.4379416012080364,0.46749906002224484,0.06567870706896084,0.3843000194840094,0.5576485784232006,0.3624486405372329,0.72745577987571,0.722279994978821,0.0640695706827148,0.7141582388111336,0.137477139781238,0.8747406946800933,0.6809981383106194,0.5743078027211286,0.7829648749585965,0.47035675180666225,0.16773646195684888,0.3232434913705311,0.1713708730863388,0.17958917479766412,0.3770800054843826,0.6739810708974527,0.5789502988603943,0.844218504051417,0.823947496473125,0.08533289430088153,0.47332375225463386,0.5721132243067291,0.2875990570399727,0.3446779793611443,0.3412915336140514,0.24397209921546836,0.6678659795720778,0.44037563558441395,0.5717217304393218,0.48163760705336833,0.8151412566068204,0.3195149829705817,0.5298818687678106,0.032462774824593366,0.9983024372791254,0.04971795558980774
0.4279009933575131,0.47636279015616734,0.1828178251388637,0.9046400427094501,0.3371416468440984,0.12876027219409525,0.09242016729964586,0.09856580387839986,0.4376759271967803,0.1702504493472783,0.10310444260454221,0.11975142626012181,0.3506647396955127,0.20179462092443834,0.0,0.6385948742220438,0.6760086299597359,0.9291752852148278,0.632217299812112,0.11196301609227888,0.7546737749378538,0.8912463969235629,0.2407946344889207,0.2504426247471312,0.5044694390167634,0.8942532560916694,0.637761199074592,0.11923269251242985,0.4191641540875124,0.2659002750139565,0.4529592228593391,0.19051558904319998,0.6534703443148311,0.2137833847410684,0.951674420064107,0.07012065670920786,0.009109030940194662,0.3681038765322262,0.9409152558754326,0.8375892260085027,0.5935659753412066,0.9873982968213015,0.20944819643593005,0.7107644639312583,0.028808449215246057,0.8033539751591507,0.9862913920278182,0.4877518134608916,0.5099491511806589,0.2468262107768413,0.9417031461643148,0.46117170327481727,0.6288750844249746,0.15604964223225792,0.9449906375391022,0.8855464950897665,0.3064412848491258,0.6481805711550235,0.9228505379149394,0.8442006237500008,0.10009070355200511,0.29254595858357035,0.3764734189644443,0.10757070469757513,0.036852555314550006,0.0838850379152769,0.4594095921313164,0.5719190834623296,0.1941127915378158,0.2928118220421647,0.916497756548265,0.11115280402875505,0.12673785998418108,0.08486907331750815,0.07767191314838473,0.25576249267587126,0.49027579299298596,0.008936904414108104,0.5248591841840482,0.04291000901938813,0.844965618089577,0.6179328722884756,0.503852985428918,0.782782743220886,0.8278295530193918,0.59830374243713,0.4204065208823691,0.11839185061287227,0.4975585898523185,0.26607280211733375,0.5741021033732459,0.3338987800020905,0.8996005773692517,0.06406645048982518,0.14915942886967648,0.07284861137882315,0.541108550657702,0.366424503647949,0.6206343534717107,0.6393673338520938,0.19301119024438318,0.08237103806614465,0.79595556008654,0.34202162912833334,0.8602333063730636,0.933812900108258,0.12067355347257624,0.7077563328074172,0.35593596510070635,0.8579904863598671,0.22395364549963093,0.647412506643642,0.7009650667191336,0.7458924741858053,0.8391651752668716,0.34142755240542066,0.03438441788149982,0.5081499566284229,0.34995979990833903,0.787537694048579
0.7284401914021417,0.554262571861345,0.6575941377391064,0.152024023548047,0.26854465217180246,0.6818395705114457,0.4411595711612204,0.02512442746221044,0.17026227908882907,0.305307961226742,0.1550986318553651,0.3498393634712458,0.9897469186369265,0.3082446070222553,0.6385948742220438,0.0,0.3378020998729654,0.043739943547169924,0.5465589559050767,0.7606149161640057,0.96276647314339,0.6359661235691625,0.2358831621073585,0.16896755978522737,0.3802067193436347,0.17112865302291969,0.6455835693381666,0.7836626280118555,0.847978408092317,0.27121966027438726,0.790923576445155,0.7404187139821385,0.6108377984447586,0.045225131661574824,0.7473602934073176,0.6086695614984678,0.09685642338999156,0.5141444838620688,0.0519913490647137,0.15590993278171328,0.3491507758981762,0.19762628967213458,0.06965727256597676,0.38511873701580335,0.15522275524693296,0.12905820589416828,0.5618325074828399,0.9510375067975148,0.7572972161630753,0.3612639116172178,0.3043567605527919,0.2176803515041712,0.9389764892134782,0.050439198545870534,0.0867013957972933,0.056434611233344256,0.38734858444882136,0.6676901836468445,0.5116546202764312,0.30493493363763635,0.949400624251254,0.2930302404130327,0.375929811031122,0.6837669118863117,0.26249420357264786,0.980059113523045,0.992453328853343,0.2889523823956963,0.4496526266243013,0.6052700245867504,0.8678576700001843,0.40451668415336006,0.27848264584418203,0.23989108215369814,0.9209361754027101,0.005999947852548981,0.5645401588657759,0.5953837216596576,0.7914742185880628,0.5692050496473136,0.5360274361841395,0.9679855285936174,0.9117263779024904,0.5502086379552369,0.6401876735900809,0.30296740261576227,0.19590042979925815,0.25611831688526454,0.7391475136488297,0.41764461609293124,0.5600107623443811,0.10344287429046739,0.09632663437818323,0.735597352843798,0.8336878144091768,0.646513934919464,0.8119959706561715,0.40693587948737076,0.5743134626063919,0.8228996652032798,0.08900745413778122,0.05038893862821525,0.3221227799861197,0.5531581668045773,0.07415372367261663,0.631202563268787,0.5012255479085856,0.848937083442145,0.6111257707196482,0.4260136451800134,0.35175527206875024,0.4000376757254944,0.13554484063807326,0.1016469154816082,0.7979933340099787,0.6435368427600274,0.7382427743265745,0.5673100215525517,0.2673721662245978,0.7655315459815841
0.1150940824616189,0.5784820729760967,0.020329754517971477,0.1866035012599645,0.00910652126513778,0.764298599648205,0.14231350554207567,0.913694510132181,0.6954570093703449,0.5657081345821253,0.6418089311351207,0.9737479615976246,0.49748896409571297,0.406105775152402,0.6760086299597359,0.3378020998729654,0.0,0.6591470469884357,0.18732576551396285,0.6120420097710564,0.24985080391465853,0.434684748394516,0.6019465672321258,0.7869776687983736,0.8779322344517706,0.13352641042463342,0.5124020754567626,0.1700327324391413,0.9690398041105479,0.18741502811206234,0.4187377613678869,0.7214170694206283,0.16567617270161228,0.15997084596329914,0.5631559618642239,0.816479951657102,0.4931964218821814,0.06404429714319315,0.7922394349706741,0.4386634052466192,0.6559724754107938,0.8008918622344472,0.10149267957497599,0.4925362901268471,0.759562940275226,0.7417116448451622,0.9390658868950243,0.14859241558987413,0.2829496706508867,0.1521275942116067,0.7565608458345723,0.8082948964442607,0.5481543569215379,0.8413637360629151,0.9360593760057236,0.10248318992170358,0.051579386455889775,0.9906272940184733,0.9429404426134613,0.5142478333157154,0.21390556027010343,0.04168457516348023,0.46821326985738887,0.9834318203526948,0.7957846415787766,0.8068854060196589,0.7843545155693445,0.7176409517097093,0.3630210677620034,0.41769469621594846,0.423445540616445,0.05097536960350113,0.7273139481014497,0.3449528076752253,0.0253121791880202,0.024029535640030186,0.25650520867529214,0.03061464779015477,0.4167260303971352,0.1286264999406066,0.4087471872508712,0.6833535129383845,0.25462892216032795,0.7507459701597627,0.6695737801937718,0.6241892597348351,0.7783328999730883,0.6172993382438217,0.36453474052755563,0.5265855756116711,0.6291299749005166,0.632893991896629,0.5680442529022847,0.7695281799535536,0.48743216568784775,0.4512761194347559,0.980827231274018,0.535062514677523,0.5293189471760471,0.5624353616714439,0.6332461976773378,0.7127910213308151,0.8010569678062629,0.7631102891602604,0.7931787618888413,0.31695133765127537,0.20969214493414867,0.2964302053237182,0.7124174749025745,0.8979696365464722,0.9908471017506104,0.2165748968508754,0.04584300465222335,0.4969512777654175,0.41447168007261603,0.7507020237313156,0.4930378904603967,0.17474670195605668,0.5813809752911065,0.5980930379077176
