0.0,0.39975663690659435,0.8173250758045617,0.5555052583395602,0.36502657143264067,0.7186061040899889,0.4962453301828011,1.010230694643516,0.6426696470456856,0.1146148757509108,0.374337950452134,0.6488653379205607,0.8551783453790851,0.39996553113653277,0.23941463438091604,0.5489134760168722,0.47812243670233645,0.6286655445123979,0.3241844340571596,0.4518810765984373,0.6886905145188733,0.9280647806186197,0.43095735668345325,0.2807311167922639,0.28979062462101945,0.25255449441580496,0.7963308045512189,0.16355943007287405,0.5828835663635369,0.33446048816752105,0.4656632178826224,0.4349435413789043,0.4999353245311457,0.7980514293784083,0.40590747952957557,0.19112554575140683,0.5277765895694863,0.7837518042857803,0.3075221313507594,0.5167298176171212,0.6804739264851777,0.7980870882427958,0.40323866835165206,0.3875051523270904,0.31817399774110344,0.6054957834881471,0.772096229544752,0.7161206266850225,0.8629010041859362,0.7120773250935715,0.3777354120922795,0.3456218918328542,0.21219696045976327,0.5720762581954999,0.5240460164719927,0.10292842279180406,0.43609967596350063,0.4301793359112165,0.5748111197055743,0.1360684418795883,0.29068667861147857,0.4938931990390433,0.41970091789964636,0.6206217254366853,0.3191970879065467,0.6488312450119608,0.7332647136773711,0.059692046484239474,0.5464728725631747
0.39975663690659435,0.0,0.4640396210157695,0.18874491215216058,0.5096213156628031,0.32453463263436255,0.5118887946436981,0.7442750111067672,0.4370969123730583,0.43811456925081854,0.5626780868212289,0.46863691371439764,0.49159223168862537,0.5316739896791248,0.2229499390322593,0.21225632021579507,0.27486403591175584,0.5244451824570442,0.4303171318499381,0.6878655770502161,0.34137587624237525,0.660755101266652,0.6805195510706965,0.4202933860556389,0.453548478495203,0.15852132220519044,0.5236259751964272,0.531493097257539,0.5614482943551903,0.4789480290361121,0.2920256177084529,0.3534850368784123,0.34997525899434906,0.3995175329326534,0.6762397987950414,0.21507492726617897,0.7105322448461024,0.45908858266470975,0.09232819614031548,0.16256433592822322,0.4044866339878177,0.41516860294277963,0.6473849003689512,0.4525217658885042,0.26024233017634835,0.27524469320148287,0.40750498659294526,0.5644696523593357,0.4847606661927546,0.5999486415792299,0.6014804334923508,0.4947763104651432,0.23483178827576265,0.18964441325824977,0.6231015403957534,0.39227133491588184,0.5025081481852142,0.10381937823653338,0.5462678529634841,0.3436562237031749,0.5860710812642563,0.1550913627131137,0.050232814002146325,0.3243284655092341,0.49780777899400924,0.2591260705187595,0.3698499822017711,0.45398560586474523,0.5219537493368676
0.8173250758045617,0.4640396210157695,0.0,0.46733790709027745,0.9715831476169242,0.36949102202388734,0.9495669553697064,0.922726540139448,0.7710128981351719,0.8085148645539599,1.0261711665924202,0.8137332843263536,0.5540685905768893,0.9915715929493052,0.6860219053709008,0.5210538683930546,0.6734891338192652,0.9078139806711365,0.6667798363943418,1.151870663303289,0.12876500931154541,0.8572432311858371,1.1444841140923425,0.6887380207611196,0.9175377265023803,0.5700504631382143,0.7537293593645353,0.9705312370689589,0.9795433316101464,0.7146464628944553,0.7011677232502589,0.48822106943094407,0.4116069852612058,0.3303951943882202,1.1393709571334152,0.6296466297823395,1.1708657506276379,0.08485659191233674,0.5417809385915276,0.30851894758695675,0.6773756566322755,0.44957271852005487,1.1113423532303626,0.6394932727379441,0.5300677791491434,0.544937023331956,0.5132016927131086,0.9072368003751603,0.10421332424431745,0.9636224466429093,1.0655192584293696,0.7253144922880685,0.6950475428633086,0.27750875334264746,1.0727936537994989,0.7677934998492414,0.6579277149869953,0.5206637326125912,0.963557389709202,0.7973004162728057,1.0451523857967304,0.5114998806048917,0.42228187999297706,0.6116550315807077,0.9617093111669923,0.2300649715294967,0.0958872107193266,0.8767083688871531,0.9444077453946589
0.5555052583395602,0.18874491215216058,0.46733790709027745,0.0,0.5532848836870777,0.17823815101315388,0.49430278774011605,0.5671648328298514,0.3118429278558033,0.61274418870796,0.6147723028096355,0.3524191168705039,0.3061825913678811,0.5648952016776837,0.33200476733861833,0.05397882693707105,0.2120185808168182,0.4407995987663577,0.6186802420578317,0.7436423717062779,0.37520072507603025,0.4854472244820938,0.7431989425037979,0.6089946847312401,0.5192447852338342,0.33951981153542504,0.3522577074888266,0.6614129296861154,0.5148209008505142,0.6675957114084387,0.24187839665119637,0.5267792193645867,0.5063409002299565,0.26800145054996516,0.7487101859628454,0.3884418898008031,0.7396063529717085,0.4958275713199209,0.2633486558256047,0.2554605393867677,0.2422406971043043,0.24291679639745783,0.711373899388449,0.6382357211518955,0.4468970491355614,0.09880394059440091,0.2217264146384163,0.448895506349293,0.445988579576762,0.5002718834904106,0.6626065659619386,0.6833960195561191,0.35494661948675504,0.2204778992844106,0.6249849722334645,0.5674420218139119,0.6865549346389798,0.12549213545603657,0.49882338919826075,0.4661097728885069,0.6794966919352637,0.06726869586812888,0.21221316919780267,0.16275643964475012,0.5586397622283532,0.23824443528585998,0.3748946322300663,0.602807326273997,0.48152707644044623
0.36502657143264067,0.5096213156628031,0.9715831476169242,0.5532848836870777,0.0,0.7289572400584167,0.17064898904568754,0.79117339110344,0.44100970671816964,0.4792528496185738,0.06352900335641515,0.4228553679701111,0.7765160075349099,0.03494577888331385,0.2981995842526679,0.51428620221779,0.36049452519897063,0.34727184358556523,0.6736073564020167,0.19080111732196964,0.8508900207021098,0.7203870876944843,0.1934711320372026,0.6334698594127538,0.07701590950704851,0.45836113732420214,0.616131341543514,0.29896881118195123,0.2559253190823136,0.6929814772509792,0.3308365488306175,0.7350648360047074,0.7780386428655847,0.8195658242089965,0.20785887301458353,0.42450778223223457,0.2018155642548209,0.9683711264433077,0.4466838669755418,0.6714618590055264,0.5327096786769546,0.7653567815929371,0.16413016193525412,0.7326568249104516,0.6035842453463968,0.5408332491142042,0.7090828163676803,0.448268655743521,0.979497984772419,0.4163061436232717,0.11611071235055892,0.7055632744867735,0.30036926625214766,0.6942151820764918,0.15902928733438165,0.46394666126783524,0.7854562744885265,0.4575029430965202,0.2545497937995032,0.251575275999214,0.19343986197641766,0.48905111334043366,0.5557189239550075,0.5139123405050968,0.05020491257591948,0.7526815016847982,0.8762221286790459,0.3492725591525555,0.23204245040861807
0.7186061040899889,0.32453463263436255,0.36949102202388734,0.17823815101315388,0.7289572400584167,0.0,0.656137076644662,0.5610739700856031,0.4217342604105077,0.7626450429412313,0.7910661899394428,0.46564745129407603,0.210669987881354,0.7387662926220437,0.5058508304971224,0.21511353529410424,0.37642935893180657,0.5718242705583632,0.727343558908656,0.9196826885563318,0.3229426756486937,0.4910184305001047,0.9200763679525035,0.7267781670016609,0.6971916835958527,0.48294344860437766,0.3843009843258505,0.8345604944304477,0.6634867801894531,0.7785992425462931,0.40726890933759013,0.599399229754595,0.5563513243663329,0.09062798243522593,0.9264263882980106,0.5391522192694559,0.910680768193306,0.4243620031349605,0.41381661494856775,0.2981053404860078,0.31636391718631834,0.10702504074318864,0.8885010432942646,0.7332703518183262,0.5530150717074412,0.2055397894831324,0.1485287209023673,0.5529696439147835,0.3148237301849784,0.614922312827764,0.8396473719504622,0.7936182382192718,0.5271481042070412,0.2306348058684997,0.7900692732996606,0.7168005048107593,0.7747707688705039,0.29693831433281803,0.6477884147907197,0.6395291122499432,0.857595600733241,0.245319191706696,0.32344699406681243,0.26362649619694195,0.7361273259456911,0.18610798998807945,0.2953931596723863,0.7694061333010362,0.6346119083443178
0.4962453301828011,0.5118887946436981,0.9495669553697064,0.49430278774011605,0.17064898904568754,0.656137076644662,0.0,0.6283132551190034,0.29910276808869735,0.6096302849871286,0.21967993709179284,0.27165639226414134,0.6616034539986949,0.14876188342577173,0.34755787162691604,0.44559973205595993,0.2824911380642738,0.18021723814991222,0.7750407327396714,0.3182578850989102,0.8394385063280532,0.5616678842527631,0.3321932166446647,0.7393687361941569,0.22074775423070128,0.513478919474442,0.46995411505762624,0.46200235989538896,0.08867588260629926,0.8027966001596151,0.25242456211762104,0.8013163773348047,0.8295898737066738,0.745149309830391,0.35818454102525216,0.4984152219593621,0.2698147316641284,0.9613230749659234,0.47609059373763446,0.671273269577063,0.4061364033985456,0.6706067642141307,0.3109701891425193,0.8283024013797513,0.6720374284946129,0.4531132698735966,0.6050655954160831,0.2811770104705326,0.9392669297623182,0.24570600163232034,0.27044103788092044,0.8168938330605632,0.36258258069183186,0.6764166948231598,0.13564610823661338,0.5853676756448514,0.8830237672812592,0.43152983554299146,0.0846508669699949,0.36447184179691733,0.3637798909241704,0.44001483410036496,0.5619277031641501,0.4092210336987917,0.21712026772996934,0.720946127557519,0.8539948443658605,0.49447546251935176,0.06152273761164538
1.010230694643516,0.7442750111067672,0.922726540139448,0.5671648328298514,0.79117339110344,0.5610739700856031,0.6283132551190034,0.0,0.3697678594026017,1.1017949821298807,0.8465651156333907,0.37364938661150043,0.37154713748691937,0.7753324144915953,0.7757058463819012,0.5326031436335161,0.5343931231439867,0.4484765623708822,1.1674003346867166,0.9430273358199126,0.8832964700734359,0.08431313644295411,0.9592056758664071,1.1498062247931973,0.8156789700842693,0.8687661076172877,0.22229295264612506,1.045734531358675,0.5623467928427175,1.2127577717176308,0.5446218671941364,1.0931284067937912,1.072781412409326,0.5937502165632784,0.9864370840276049,0.8993462716285079,0.8744875046453301,0.9841832228228413,0.792858881466059,0.8156361495274215,0.3437822126766723,0.4732421929986409,0.9391886099314825,1.1955895223187543,1.003339269835202,0.47104748211279796,0.412680085787286,0.3488620883432951,0.8481602691629134,0.40142470600805696,0.8983630130655504,1.2287647834372097,0.8030114749013528,0.764253035062841,0.7351047315905073,1.0617818029162747,1.2464910273159286,0.6484182024203495,0.5557129575270584,0.8812036327368821,0.9819094529560161,0.5893103623475481,0.7767608031384167,0.4209734746751969,0.8299030109962877,0.7420755109140308,0.8558321835107693,1.0363367843447928,0.5691823906133794
0.6426696470456856,0.4370969123730583,0.7710128981351719,0.3118429278558033,0.44100970671816964,0.4217342604105077,0.29910276808869735,0.3697678594026017,0.0,0.7384535715925119,0.5015413359539092,0.0439312268612919,0.3723222532311483,0.43235710611182104,0.4129376226604072,0.259055497069819,0.17770005915106468,0.15706339809279277,0.8296039566880183,0.6140403031900401,0.6864904449299143,0.2904099792418534,0.6250730688865855,0.8061790795952543,0.45344886921136635,0.5289587639769424,0.17514022898641105,0.6773030153628934,0.2684340317997723,0.8709122626363255,0.18015295313044272,0.787885448172859,0.7866870471191004,0.5009704229897611,0.6462942537451253,0.5488417837204108,0.5680347605986539,0.8060635249891046,0.4591157569229133,0.5579672971529573,0.11683203993584304,0.4032945861199123,0.6001831695066074,0.8666516313824141,0.6791596310127336,0.22608467734034013,0.32981185575503613,0.13717169133004,0.7331977180369738,0.1937377414954855,0.554892475673166,0.8867479090484118,0.4396950479560191,0.5316528691023266,0.4294510118814441,0.7004449767620136,0.9203105308158206,0.3332784219676907,0.25488073951400647,0.5119786941258958,0.6243682419506743,0.2944612068664981,0.48110576865070265,0.16011635034494923,0.47344332708351,0.5464403584081257,0.682043135937469,0.6669133773519386,0.2531811932982346
0.1146148757509108,0.43811456925081854,0.8085148645539599,0.61274418870796,0.4792528496185738,0.7626450429412313,0.6096302849871286,1.1017949821298807,0.7384535715925119,0.0,0.48588889222632803,0.7483844151626179,0.9181607444148899,0.5141985717345549,0.3262467269445541,0.6150955994953502,0.5674035463999526,0.7362622817578198,0.23194776551219082,0.5544729850801672,0.6822751014690956,1.018523730418933,0.5317050860782756,0.18741591531423835,0.40432676525333733,0.27978485323660984,0.8839197009824371,0.2431284082304351,0.6956287031756891,0.23120470002949337,0.5588444409931497,0.37554645331040215,0.4496624106095451,0.8353396329950649,0.5030582600488022,0.2247724051911714,0.6360849010325059,0.7641410077277182,0.35091499285884303,0.524778194349975,0.765048996882968,0.8509324868291851,0.5062116748413905,0.29633745841618364,0.281934525263485,0.6753805431738361,0.8338902738327479,0.8205030512684918,0.8664439039981947,0.8203220330324688,0.48513215950140265,0.24029125941782817,0.2990997778031768,0.5882671560031201,0.6382052914307192,0.04584577288981197,0.3394407502864426,0.4908953864707866,0.6870842008845375,0.2462583110091782,0.3881898816530361,0.5568357114829242,0.4455703422864349,0.6992156875659291,0.43280665170933036,0.6665498758508284,0.732205559146075,0.14183823604524523,0.6585691117707677
0.374337950452134,0.5626780868212289,1.0261711665924202,0.6147723028096355,0.06352900335641515,0.7910661899394428,0.21967993709179284,0.8465651156333907,0.5015413359539092,0.48588889222632803,0.0,0.4815091973207903,0.8399630796655065,0.07124698656347853,0.3455743646367024,0.5767062159621844,0.423889750547534,0.3995990735976949,0.6927957346831528,0.12895997729016964,0.9039390995862849,0.7775507092643826,0.13003908339277342,0.6510491156725567,0.11143140017753884,0.4990661948353053,0.6764615214392572,0.28068744501555715,0.29886295185113676,0.7078610321246862,0.3943096717544664,0.767890355936584,0.8154173697827142,0.8816306517882708,0.14520411173553516,0.4597534287291745,0.1600573693834697,1.0200002285603347,0.4947698204537516,0.7233428369398066,0.5953202407755885,0.8286691600240192,0.10068938969506694,0.7538134803723255,0.6372164313820259,0.6041380078399907,0.7726046198470161,0.5007026334342501,1.0371513557771717,0.4635523481825456,0.05341015691140685,0.7195285897418304,0.3439564456686607,0.7493346031806537,0.16678277646048242,0.4764017516317584,0.8052260056850041,0.5159383569486918,0.3001243664997643,0.27762747923972164,0.15145834975642877,0.5499506384534173,0.6073940487820134,0.5774175860942129,0.06699826057182753,0.8098155744680806,0.9312045051934624,0.3487095785777658,0.28077534286702416
0.6488653379205607,0.46863691371439764,0.8137332843263536,0.3524191168705039,0.4228553679701111,0.46564745129407603,0.27165639226414134,0.37364938661150043,0.0439312268612919,0.7483844151626179,0.4815091973207903,0.0,0.4115543575626805,0.4111272259240989,0.4254699683272302,0.2990701510177438,0.20035190397510605,0.11618169605499512,0.8504974829962914,0.5893570296594972,0.7275390944593201,0.29871402159131355,0.6019131265315548,0.825307541504232,0.44238835432498075,0.5512577306748474,0.19839762560043384,0.6727938461519055,0.23192249588463024,0.8903558987358199,0.19635982528233342,0.8166238730305785,0.8186100295992529,0.5448146960250128,0.6251197304740214,0.5669635558923874,0.5378326528094941,0.8476072366696621,0.48409540948530616,0.5951160348905886,0.1587894839996893,0.4462153105135064,0.5784465846262892,0.8898408719788098,0.7045773300647887,0.2690075928580495,0.3721869378327751,0.09750535456983697,0.7768662723241481,0.15022219207997656,0.5345195104016952,0.9060720369849005,0.45149876748547135,0.5713205824228007,0.39787176382823264,0.7119482467530618,0.9439645441379529,0.3650902107398237,0.21932035585312384,0.515681537127234,0.6105172090540537,0.3308709703169399,0.5140800495422391,0.2036328852929616,0.45863013186133916,0.5883180304927503,0.7242347104160488,0.669427302934411,0.22102075793922216
0.8551783453790851,0.49159223168862537,0.5540685905768893,0.3061825913678811,0.7765160075349099,0.210669987881354,0.6616034539986949,0.37154713748691937,0.3723222532311483,0.9181607444148899,0.8399630796655065,0.4115543575626805,0.0,0.7768811394524058,0.6216095933730672,0.30629166385154294,0.42109233627479964,0.5277355614695977,0.9161386390952052,0.9628435966618516,0.5287130817490272,0.31505100302366057,0.9692419122375392,0.9101939582268728,0.7649339091801091,0.6455356292771888,0.25183640627706066,0.9453003289415907,0.640562281942187,0.9663471321962587,0.4484718022618588,0.8019290067760775,0.7637857522644713,0.22371131961957255,0.9837724730579364,0.6943477925919431,0.9308097737671308,0.6200224307141489,0.5695291771098311,0.5027953552074247,0.25715687341063886,0.10749054757517763,0.9406371242510235,0.9287528643205669,0.741818272529348,0.2529051498953973,0.08445810878042714,0.47319715174763977,0.47668006457637024,0.542303940077416,0.8924664904133914,0.9818783742844374,0.6471410575090849,0.43860758892085316,0.7960467647768353,0.8730698616538917,0.9732784460898465,0.4276185481945269,0.626689351482403,0.7529241367949168,0.9363895767129724,0.3622001383652107,0.5051099027566325,0.2630350733991518,0.7966371529748567,0.39637226017431426,0.4940861138151283,0.8986249743188183,0.6226212368991426
0.39996553113653277,0.5316739896791248,0.9915715929493052,0.5648952016776837,0.03494577888331385,0.7387662926220437,0.14876188342577173,0.7753324144915953,0.43235710611182104,0.5141985717345549,0.07124698656347853,0.4111272259240989,0.7768811394524058,0.0,0.3250246804573822,0.5236628618651461,0.36602284059753126,0.32843629409578984,0.707741725581276,0.18597515729735847,0.8723083949473897,0.7065474964679446,0.19362314063979838,0.6678085630185303,0.11142099554254356,0.4875546709235009,0.6069376168469224,0.33097166483203583,0.2301728253764556,0.7275471264760106,0.3356684943681939,0.766451099949641,0.8079376521268703,0.8293714693703331,0.21411403181255104,0.4556951545550717,0.17929565608163353,0.9907624764997058,0.47234104129854737,0.6940409406400234,0.5289910029502017,0.7705540902468982,0.16782612093618507,0.766496727894921,0.6348919136146255,0.5464500146215215,0.7119114403360137,0.42956349491950996,0.9963511064678253,0.39355966659988934,0.12352086174250208,0.7401963631640119,0.32904365209002834,0.7140638414223356,0.12410940615657053,0.4987614421178167,0.8194626087295722,0.47436485539933027,0.23041068298081388,0.28541366695942755,0.217045808714348,0.5020265124716816,0.578697206369008,0.5155099176552661,0.08373803652368492,0.77038799277092,0.8959466140726291,0.3839040929462553,0.2100859218027723
0.23941463438091604,0.2229499390322593,0.6860219053709008,0.33200476733861833,0.2981995842526679,0.5058508304971224,0.34755787162691604,0.7757058463819012,0.4129376226604072,0.3262467269445541,0.3455743646367024,0.4254699683272302,0.6216095933730672,0.3250246804573822,0.0,0.3164588547961684,0.24138484282827335,0.429750132117036,0.4384699635792391,0.46765566911739476,0.5613031312390326,0.6926335838418446,0.4589113550456232,0.4078013118341537,0.23451628560587667,0.16719216335623804,0.5589657509033653,0.3294193597304542,0.4198155335175134,0.4729680912760762,0.23291049254414561,0.45427250014711107,0.48731743197573085,0.5918213931724572,0.45346141654802874,0.1535721416508981,0.49972131108840234,0.6754284477237888,0.14920262472285728,0.3796860014436321,0.44171817673530006,0.5736012212878813,0.4257705077426299,0.4868134356169499,0.32450031985975386,0.36952576282898264,0.540033815937953,0.50404681760382,0.706910594461669,0.5141843022451855,0.38089771055938804,0.4881883662117159,0.02745733045557762,0.4125584579938531,0.4322629164307373,0.2875149171074017,0.5418846030136786,0.2089143200629298,0.40743384467843224,0.13410676290655663,0.36433937097424535,0.26621545392374374,0.26411986318784964,0.38132556095488807,0.2791959916573499,0.47992799745646,0.5924589755190047,0.2776670264527617,0.3791272378002352
0.5489134760168722,0.21225632021579507,0.5210538683930546,0.05397882693707105,0.51428620221779,0.21511353529410424,0.44559973205595993,0.5326031436335161,0.259055497069819,0.6150955994953502,0.5767062159621844,0.2990701510177438,0.30629166385154294,0.5236628618651461,0.3164588547961684,0.0,0.1633407144270485,0.3869002947847084,0.640591439455355,0.705081541783584,0.4288892491515761,0.4494785118577004,0.7061132807946309,0.6274483472203822,0.4856670375894809,0.3507173425541025,0.31336662298077445,0.6435120742834812,0.4627192858465491,0.688104016853331,0.19391349841672464,0.5612841382495385,0.5465531666537843,0.30570901230905534,0.7137776066074687,0.3937420056506766,0.6959764836351044,0.5497129410000877,0.2730598056431712,0.30263474901318466,0.19771756683077915,0.26076268929992785,0.6748538919045903,0.6647136417184394,0.4723651242827113,0.06350600408511164,0.22375651847887673,0.3958665325775223,0.49739126122925165,0.44647448941991713,0.6259395388433701,0.7040493964490742,0.34145366673998856,0.2725988723559368,0.5778363239738884,0.5706232091925788,0.7147385574792895,0.12552706371323613,0.4467404453152843,0.4492734933873229,0.650448517700911,0.059904202974952504,0.24470339454585827,0.11659087931503496,0.5232575161730357,0.2921863473019534,0.4288289978096302,0.5926359968762595,0.4302232444129046
0.47812243670233645,0.27486403591175584,0.6734891338192652,0.2120185808168182,0.36049452519897063,0.37642935893180657,0.2824911380642738,0.5343931231439867,0.17770005915106468,0.5674035463999526,0.423889750547534,0.20035190397510605,0.42109233627479964,0.36602284059753126,0.24138484282827335,0.1633407144270485,0.0,0.2507574856089068,0.6520320645665326,0.5504158338833969,0.5704469182016674,0.4512488138326868,0.5539259910693226,0.6284974201745426,0.3438618739882705,0.35171062261468383,0.31821599680939044,0.5368204716753042,0.30620167711531127,0.6932130963018133,0.030850347504594994,0.6174670696529843,0.6231851784974488,0.4665135468978069,0.5654784048549849,0.37146726216246123,0.5346718460978095,0.6928883116459761,0.28374623650455993,0.41672835169746314,0.20406357727757857,0.40494484669982167,0.523921798806042,0.6899771173277268,0.5042276717451606,0.18052259959317327,0.3496824069270829,0.29265537539223113,0.6577476956664124,0.32508925836163577,0.47519127426779273,0.7090512033861969,0.2687495149007955,0.4076367806142815,0.41452899743625465,0.5276607746103448,0.7439346811971546,0.17453536880447457,0.2902415169487754,0.35482737628835254,0.5154888489887222,0.16224488803966527,0.32292620408218964,0.15926494391985188,0.37652688491938835,0.44351464981510874,0.5788854299727133,0.5093072734216374,0.2710385927944758
0.6286655445123979,0.5244451824570442,0.9078139806711365,0.4407995987663577,0.34727184358556523,0.5718242705583632,0.18021723814991222,0.4484765623708822,0.15706339809279277,0.7362622817578198,0.3995990735976949,0.11618169605499512,0.5277355614695977,0.32843629409578984,0.429750132117036,0.3869002947847084,0.2507574856089068,0.0,0.867509083259475,0.49521693292404706,0.8133482107692056,0.3841070508010361,0.510833989765821,0.8375493880971798,0.3838734880818362,0.5777239477949264,0.30628944132636593,0.6244491409715006,0.12036487746481919,0.9027168324714692,0.23265271222123815,0.8576134952114555,0.8697733587146724,0.6541834894137744,0.5380374064139004,0.5812380229733954,0.4333715860641778,0.9351422346408839,0.5202053384335524,0.6666855875074478,0.2738597041073674,0.5598640999402456,0.49077440871254874,0.9131419508704492,0.7369294372410075,0.36901675091122,0.48680740345480383,0.10115048900552219,0.8782781231332851,0.08463650388335003,0.45065345601125173,0.9179166204932401,0.4525815192702406,0.6526033397676012,0.29244171689587733,0.7047192069664224,0.9681072391874966,0.42528542366811384,0.11029035344678392,0.49259862756520834,0.5404517925152068,0.4060442030031848,0.5731746003620453,0.3082808957545381,0.39004821277758983,0.6790364603668606,0.8156886186281113,0.6391172819875857,0.12074854387255388
0.3241844340571596,0.4303171318499381,0.6667798363943418,0.6186802420578317,0.6736073564020167,0.727343558908656,0.7750407327396714,1.1674003346867166,0.8296039566880183,0.23194776551219082,0.6927957346831528,0.8504974829962914,0.9161386390952052,0.707741725581276,0.4384699635792391,0.640591439455355,0.6520320645665326,0.867509083259475,0.0,0.7760623983380456,0.5525288494745634,1.0831801124977871,0.7550247960325166,0.04457549000574679,0.5965950971450897,0.30108194875445393,0.9451513650426739,0.47365908525903366,0.85389606476585,0.05166039685033296,0.654287309230792,0.18210044077315363,0.26250794047613885,0.7812011566427081,0.7290275883486986,0.2863518035328022,0.8495682220079543,0.6058474304610054,0.37494942519890734,0.440064877010315,0.8238101759949074,0.8293105518727617,0.727417292883432,0.06443964335195597,0.17468963907993978,0.7040647233138536,0.8333537337388276,0.9363985007957373,0.7442633695208584,0.951622356004863,0.7007651120076605,0.06628486241793934,0.4176122049841153,0.5114615306746627,0.8303812557166208,0.22217421366213697,0.11245754308956613,0.5195004710033646,0.8425643709600348,0.4224907591591624,0.6136121433199847,0.5813912194358348,0.41106108528345664,0.7469019343697205,0.6325752966249321,0.5847324447457646,0.6089198947596807,0.3683928957661166,0.813872845161489
0.4518810765984373,0.6878655770502161,1.151870663303289,0.7436423717062779,0.19080111732196964,0.9196826885563318,0.3182578850989102,0.9430273358199126,0.6140403031900401,0.5544729850801672,0.12895997729016964,0.5893570296594972,0.9628435966618516,0.18597515729735847,0.46765566911739476,0.705081541783584,0.5504158338833969,0.49521693292404706,0.7760623983380456,0.0,1.0284621988729186,0.8789842099567239,0.02774923848311775,0.7325481171813887,0.23433489296501173,0.6130827802445992,0.7871696346548428,0.32003369129724357,0.38169540701144733,0.7842329857702676,0.5203945154273513,0.8697565642159464,0.9228919935814803,1.01027716505288,0.06717732938907818,0.5683035855100237,0.10498473170521429,1.1430709837486364,0.6161088116534217,0.8471549707149255,0.7139796218115114,0.9553448220150473,0.04865230160763929,0.8392236740091776,0.7413705906138061,0.7309247182358484,0.8976250252983966,0.5941719297375743,1.1650127500923195,0.5471601539734251,0.08680913324394506,0.794264931592698,0.46292666549063266,0.8757112578556556,0.2141543731053297,0.5543495595064949,0.8879189744319007,0.6444196958002786,0.3874141980800448,0.3816421177012961,0.16833490369910667,0.6789052326134429,0.7313387716901594,0.7014076092538143,0.19035344951962643,0.9374728223086525,1.0572948163219182,0.4126382207802745,0.3746320074590684
0.6886905145188733,0.34137587624237525,0.12876500931154541,0.37520072507603025,0.8508900207021098,0.3229426756486937,0.8394385063280532,0.8832964700734359,0.6864904449299143,0.6822751014690956,0.9039390995862849,0.7275390944593201,0.5287130817490272,0.8723083949473897,0.5613031312390326,0.4288892491515761,0.5704469182016674,0.8133482107692056,0.5525288494745634,1.0284621988729186,0.0,0.811039565850409,1.020210607436151,0.5709001373870342,0.7943396808383091,0.441381343686311,0.6949344178512299,0.8418054603612014,0.8758907451358572,0.6020465445342535,0.5962941201670068,0.37989898641254216,0.3092826091504161,0.3166440194176884,1.0139558479926314,0.5008882597236654,1.0514344341365471,0.12246298554376152,0.415282766026649,0.18185602199637663,0.6042846291588099,0.4212525801743643,0.9870678412650509,0.5317793210477081,0.40653728387792154,0.46374105273137,0.4713576277819892,0.823660088627309,0.19173577758362875,0.8753523622897413,0.9418534388632847,0.6138085913728651,0.5690983252429995,0.163344338087846,0.9586311208548228,0.6408872235292766,0.5566130633984196,0.40792960704555903,0.8600207278445701,0.6697439327479681,0.9181310756796341,0.4088515488530304,0.2972059910270386,0.5313977133938027,0.8387620023873726,0.14427805165075883,0.057840809254804726,0.7480313926021284,0.8391383639854771
0.9280647806186197,0.660755101266652,0.8572432311858371,0.4854472244820938,0.7203870876944843,0.4910184305001047,0.5616678842527631,0.08431313644295411,0.2904099792418534,1.018523730418933,0.7775507092643826,0.29871402159131355,0.31505100302366057,0.7065474964679446,0.6926335838418446,0.4494785118577004,0.4512488138326868,0.3841070508010361,1.0831801124977871,0.8789842099567239,0.811039565850409,0.0,0.8938083911593903,1.0654975220056733,0.7408206354398827,0.7844553766409005,0.13803051583522516,0.967677113784952,0.5018438878752125,1.12847169961862,0.4624337897626971,1.0105020757334995,0.9916446488848757,0.5316482450889699,0.9194060750668541,0.8151643124172664,0.8158284690740293,0.9153628404046571,0.7085802558017186,0.7359945655471267,0.2594854960227776,0.4102442232227652,0.8723156204091861,1.1116791500943748,0.9194920921897047,0.3884918057911575,0.34417241598505444,0.28844150880566916,0.7876122109936105,0.3483320994412686,0.8300208376446312,1.1444783709930992,0.7199902218447628,0.6866671679653983,0.6752480592481538,0.9782479100871986,1.162739404866746,0.5643553548063498,0.49365388713089653,0.8000756777993103,0.9091741729837215,0.5057023315827798,0.6939688764687818,0.3370250205120898,0.7572253984521815,0.6684142811400757,0.7864050906297936,0.955320604243441,0.504384156808466
0.43095735668345325,0.6805195510706965,1.1444841140923425,0.7431989425037979,0.1934711320372026,0.9200763679525035,0.3321932166446647,0.9592056758664071,0.6250730688865855,0.5317050860782756,0.13003908339277342,0.6019131265315548,0.9692419122375392,0.19362314063979838,0.4589113550456232,0.7061132807946309,0.5539259910693226,0.510833989765821,0.7550247960325166,0.02774923848311775,1.020210607436151,0.8938083911593903,0.0,0.7112895622321826,0.22830034585663173,0.6001967221596916,0.7990439125862135,0.2951771922250847,0.39945385548306916,0.7620404462245066,0.5243076652365098,0.8525406931112978,0.9071801038837203,1.010562410556237,0.039528337332477195,0.5537180002303895,0.13250729251040025,1.1337337584344245,0.6064502878261266,0.838575083496845,0.7225831622476645,0.9587001911925919,0.03314643930852966,0.8184621680012953,0.7250046440301805,0.7341692569705954,0.902487479522131,0.6105680460656843,1.1600430504076968,0.5655015752216623,0.08074305705684721,0.7718059313397791,0.4526594335381589,0.869157614081206,0.23526611157780197,0.5330000945011748,0.8666005588460995,0.6409796185604012,0.40434081685435536,0.3668561863327579,0.1440488904395829,0.6777972770225734,0.7230121372879782,0.7069957851924599,0.18572324238064364,0.9323363221298782,1.050321429991948,0.38991881754942226,0.39008545454329685
0.2807311167922639,0.4202933860556389,0.6887380207611196,0.6089946847312401,0.6334698594127538,0.7267781670016609,0.7393687361941569,1.1498062247931973,0.8061790795952543,0.18741591531423835,0.6510491156725567,0.825307541504232,0.9101939582268728,0.6678085630185303,0.4078013118341537,0.6274483472203822,0.6284974201745426,0.8375493880971798,0.04457549000574679,0.7325481171813887,0.5709001373870342,1.0654975220056733,0.7112895622321826,0.0,0.5564724094664607,0.2810530172566606,0.9275552417556727,0.4291216367990773,0.8195832186752466,0.06526019213692759,0.6289597265407724,0.21221544320163094,0.2923282956984922,0.7848435571120242,0.6849747581609141,0.258516843822866,0.8071563761540453,0.6313483712311971,0.35732389587864816,0.4466127981842771,0.8060369855868244,0.8267111607895176,0.6839184511322491,0.10901483805732601,0.17594862740898776,0.6909219142587936,0.8266677943055888,0.9092437472460123,0.7622156631996448,0.9219532315169084,0.6579235290252632,0.08079928284287372,0.3856319347885604,0.5173688289264163,0.7909200087785423,0.17829073517703642,0.1553736914557682,0.5042388334253494,0.808648332364441,0.38314507590065844,0.5695645543195758,0.5677503588039167,0.40602756957885944,0.7306163167732573,0.5916094788603662,0.5926108774276022,0.6262636610036123,0.3240357740126021,0.7798837592352511
0.28979062462101945,0.453548478495203,0.9175377265023803,0.5192447852338342,0.07701590950704851,0.6971916835958527,0.22074775423070128,0.8156789700842693,0.45344886921136635,0.40432676525333733,0.11143140017753884,0.44238835432498075,0.7649339091801091,0.11142099554254356,0.23451628560587667,0.4856670375894809,0.3438618739882705,0.3838734880818362,0.5965950971450897,0.23433489296501173,0.7943396808383091,0.7408206354398827,0.22830034585663173,0.5564724094664607,0.0,0.3882457726211463,0.6271125648580839,0.24209627099868541,0.3093746455200544,0.6161264125026101,0.3168320013777068,0.6607899549416191,0.7059955405217323,0.7872388996696741,0.22976793712012256,0.35098530372514036,0.26924044250255547,0.9096139675705254,0.3836316647349241,0.6132669292026194,0.532663668671653,0.7433043321192118,0.19540576717387179,0.6557315117718214,0.5295456184402705,0.5201008003252644,0.6926257803719424,0.48255851246248344,0.9317519306452915,0.45999556117884133,0.14824693031759653,0.6287909974653051,0.23253712180658534,0.6414652195719754,0.2352218129067207,0.3876213341154251,0.7084675316346116,0.4132631582812029,0.3048024066555412,0.17473939587135062,0.17319910432230667,0.45288900392473136,0.49736051043156193,0.5024455464793037,0.044685210670024796,0.7040553477554287,0.8229770740351608,0.2782815942130594,0.27885045663341435
0.25255449441580496,0.15852132220519044,0.5700504631382143,0.33951981153542504,0.45836113732420214,0.48294344860437766,0.513478919474442,0.8687661076172877,0.5289587639769424,0.27978485323660984,0.4990661948353053,0.5512577306748474,0.6455356292771888,0.4875546709235009,0.16719216335623804,0.3507173425541025,0.35171062261468383,0.5777239477949264,0.30108194875445393,0.6130827802445992,0.441381343686311,0.7844553766409005,0.6001967221596916,0.2810530172566606,0.3882457726211463,0.0,0.6465337807837321,0.40056386213075357,0.5821716466104881,0.34444777898350876,0.3559416881343735,0.2878806569767494,0.32090388481227256,0.5560473096416515,0.5877537932861903,0.06143497340436241,0.6573851306019624,0.5443358049234733,0.07767803377964831,0.2651730622158367,0.5250121581320113,0.5730055014043403,0.5676696748218134,0.3386570354147735,0.16038753756965812,0.41370995208942946,0.5610935747109691,0.6396877658056035,0.6109659077987647,0.6603794968781053,0.5270397832257244,0.36043303568463614,0.1586317872840443,0.31960879004316584,0.5985274240856905,0.23394322634210998,0.39300542194853094,0.22563586655653609,0.5689728885695752,0.2354921071764664,0.48409028565608386,0.2908371299146647,0.1688172571488281,0.4501467474948173,0.4321223330423327,0.39669425959196897,0.48307439672051977,0.31041418503461254,0.5412598166078396
0.7963308045512189,0.5236259751964272,0.7537293593645353,0.3522577074888266,0.616131341543514,0.3843009843258505,0.46995411505762624,0.22229295264612506,0.17514022898641105,0.8839197009824371,0.6764615214392572,0.19839762560043384,0.25183640627706066,0.6069376168469224,0.5589657509033653,0.31336662298077445,0.31821599680939044,0.30628944132636593,0.9451513650426739,0.7871696346548428,0.6949344178512299,0.13803051583522516,0.7990439125862135,0.9275552417556727,0.6271125648580839,0.6465337807837321,0.0,0.8453716885123912,0.42627122206572726,0.9904659507930836,0.3324365457509597,0.8746268440650213,0.8582999320388605,0.44092207461814387,0.8210119661764474,0.6780073717450206,0.7358351125034021,0.8050470481702368,0.5705659406381978,0.6059442382252235,0.12152184569649867,0.32310855151898266,0.7747111351665189,0.97390818025412,0.7818137625497449,0.2539537489331382,0.2483306759395822,0.2314630688927314,0.6943483555744522,0.3007063422307303,0.729768667647884,1.0064730733784195,0.5864096755461793,0.5609224259205262,0.595475188158844,0.8429789179062308,1.0251557400633935,0.42646098201763505,0.4149254111232841,0.6711871508572247,0.7988207994992047,0.36854041747101757,0.5580641258179855,0.19941477181171793,0.6482994848650819,0.5507875509204154,0.6760056455838752,0.826292504419904,0.4188854084791884
0.16355943007287405,0.531493097257539,0.9705312370689589,0.6614129296861154,0.29896881118195123,0.8345604944304477,0.46200235989538896,1.045734531358675,0.6773030153628934,0.2431284082304351,0.28068744501555715,0.6727938461519055,0.9453003289415907,0.33097166483203583,0.3294193597304542,0.6435120742834812,0.5368204716753042,0.6244491409715006,0.47365908525903366,0.32003369129724357,0.8418054603612014,0.967677113784952,0.2951771922250847,0.4291216367990773,0.24209627099868541,0.40056386213075357,0.8453716885123912,0.0,0.5502874430556964,0.47405130317166233,0.5163339128549802,0.5975964335268279,0.6634658197914344,0.9192621685019611,0.26330244645042716,0.341058565059709,0.4116725536192615,0.941493479357031,0.4407950709330391,0.6650162314906107,0.7392724399020725,0.9025137614113252,0.27351726069416055,0.5380647957885483,0.4816485636621912,0.692449279058783,0.8656427019286133,0.7216011275725601,1.0092929823878427,0.7018511731067533,0.26324738167787926,0.48247752894431534,0.30741245370420645,0.7144279213636788,0.4465890452949229,0.2544041958073145,0.5824736463242156,0.537912585390056,0.5464440746535155,0.19531610782780276,0.15178873011971408,0.5953800112014146,0.559876591626466,0.6928414859658134,0.24889258172716192,0.7887270766785606,0.883360522839912,0.10761397996195927,0.520847100350794
0.5828835663635369,0.5614482943551903,0.9795433316101464,0.5148209008505142,0.2559253190823136,0.6634867801894531,0.08867588260629926,0.5623467928427175,0.2684340317997723,0.6956287031756891,0.29886295185113676,0.23192249588463024,0.640562281942187,0.2301728253764556,0.4198155335175134,0.4627192858465491,0.30620167711531127,0.12036487746481919,0.85389606476585,0.38169540701144733,0.8758907451358572,0.5018438878752125,0.39945385548306916,0.8195832186752466,0.3093746455200544,0.5821716466104881,0.42627122206572726,0.5502874430556964,0.0,0.8836480933386056,0.2795989589446472,0.8694209884172682,0.8923096379286094,0.7496501911085862,0.42951073033440035,0.5729193208867793,0.31405678823099054,0.9983486099623018,0.5372378861175118,0.7156812263162723,0.38379618614742905,0.6636858667906949,0.3824398861391538,0.9052617876610337,0.7422467988442528,0.4579494934804354,0.5933079229264308,0.21399312800214135,0.9600876092683154,0.16629906340362088,0.3465021505264065,0.8980546598149396,0.4376215098312326,0.7126905666294222,0.17341226537976145,0.6699094054688357,0.9602239755900367,0.4718800294068658,0.016002458542241044,0.4496726161226442,0.44718588606783644,0.4684395694935454,0.6116340695784374,0.40443550906356845,0.3039385323530273,0.7494967506580764,0.8850717330031356,0.5826754492083447,0.040921210723882995
0.33446048816752105,0.4789480290361121,0.7146464628944553,0.6675957114084387,0.6929814772509792,0.7785992425462931,0.8027966001596151,1.2127577717176308,0.8709122626363255,0.23120470002949337,0.7078610321246862,0.8903558987358199,0.9663471321962587,0.7275471264760106,0.4729680912760762,0.688104016853331,0.6932130963018133,0.9027168324714692,0.05166039685033296,0.7842329857702676,0.6020465445342535,1.12847169961862,0.7620404462245066,0.06526019213692759,0.6161264125026101,0.34444777898350876,0.9904659507930836,0.47405130317166233,0.8836480933386056,0.0,0.6939976397073725,0.2273405060114555,0.3069036599870451,0.832835360125064,0.7340551716053695,0.3237027286628163,0.8622370512871874,0.6518169759579641,0.419906672585598,0.4917223661710506,0.8689883278169633,0.8802573907488281,0.7357551643775347,0.08581137788301191,0.22566364728459945,0.7516097405013055,0.883335572726813,0.974482672441447,0.7937492534939294,0.9871425762731805,0.7120621563498339,0.016007955090057494,0.4506215819838917,0.5631216314435962,0.8511216976984496,0.2316719333333333,0.11220895699298021,0.5659058034055877,0.8728799376261615,0.4441406677556914,0.6189692709516085,0.6286375219030682,0.46125234375030727,0.7928971017060659,0.6499497428613916,0.6363236550137303,0.6587248035955304,0.3723334570159552,0.8440965914510843
