0.0,0.6579255574376052,0.1395676009612546,0.2131136146790368,0.6218973212270903,0.7793165727267831,0.1691427783587978,0.643954534561687,0.3038648515662406,0.515699768795749,0.6964420019566128,0.7515429990461724,0.5058809134951554,0.8318631660527778,0.30371656984541556,0.7728820868364001,0.6613446658851544,0.589891175043955,0.2874055105677104,0.45481617330437946,0.12481247143348406,0.2968365561907423,0.4371153292831351,0.6026747445053113,0.524801642212188,0.2436708961331268,0.5564171734328298,0.9391009110956032,0.16383780405744702,0.02154138132513976,0.15795634959858382,0.5204295681751863,0.35814290002211346,0.35337288043674,0.6570032093970841,0.8300770008438807,0.5907493261075496,0.5851052496350785,0.7314739037778627,0.497846511947991,0.01440457801259182,0.17638282487969956,0.13375710441870015,0.6172823017146158,0.8011166881816173,0.7123186150172958,0.058993554700954694,0.1642426812711632,0.28251298181505025,0.36339435141059906,0.5237982472238265,0.38284415420480983,0.1554733916420256,0.09722914890382313,0.1567623296596516,0.663918168804741,0.7204991223019817,0.10735309133662492,0.0911560673214972,0.695260533096815,0.5108629252088592,0.4362170442082393,0.45811539811357005,0.7584504291981414,0.35871664534454645,1.0481475186900002,0.21696719954629104,0.5277584380638711,0.2794903880897554,0.6458250594808831,0.6146994822379197,0.7079435107794467,0.31094206223792753,0.8009740526380847,0.5477029152955396,0.7718338798901712,0.490264335534303,0.8946487547802646,0.3202823973210882,0.5200142343277956,0.5340889893499562,0.6690208304523032,0.2454088199245938,0.38256682289173444,0.7869583694408776,0.6586600289984966,0.45180143058097605,0.051601550671213185
0.6579255574376052,0.0,0.7261514841358547,0.4722616713858979,0.24268170538494843,0.16899565598288202,0.6492444571149576,0.4213860391299638,0.36527786081222,0.15746860699972026,0.6113797458399394,0.3707439167667229,0.18603102642181726,0.4306371299390613,0.49981548015738486,0.11683730259172873,0.07504070629318102,0.687539021834347,0.8477366806579139,0.5575922568508207,0.748386782105332,0.48557078798842707,0.57157796843639,0.2673496300527136,0.4505915772984795,0.8943463540748282,0.1337301523768495,0.2996226630208382,0.4988116422956528,0.6457900692373234,0.5239985656738363,0.322575490523801,0.647254303207848,0.3355294243328343,0.15773104863173737,0.43278355204172214,0.09252986194846646,0.5009968341938565,0.5141107721208058,0.25360645670916,0.6719942352375552,0.5426669659670899,0.766795523256131,0.25445536641180777,0.8167643055685916,0.06207181058096276,0.7169190788769062,0.6162478653523886,0.40688492763543754,0.6708520838626614,0.44490776788635056,0.4121259022113339,0.7515368435728592,0.6831724106613303,0.6444958067813026,0.4031687978708297,0.5030061993862411,0.6974458751397328,0.6647108300469899,0.7895900622726657,0.15239843117693214,0.7687786356819387,0.27148801621661284,0.8753465637110612,0.36850766491801024,0.46365292203475444,0.8402449776218053,0.5360124707539389,0.6997090006726284,0.012398060721055244,0.28914022019759755,0.8226813689262765,0.44788841398392315,0.20428724860247355,0.7451966477433439,0.20838848110650518,0.26735100690057306,0.3615795023367352,0.346963103062978,0.2638591881534419,0.3435053288582282,0.7651066758841907,0.9005482624714533,0.7026496208681967,0.8394510765055954,0.5403730766312943,0.47257557468398625,0.6849795701553933
0.1395676009612546,0.7261514841358547,0.0,0.3308835449090689,0.7283537920794066,0.8642308336430605,0.30651289774429297,0.6258532970930091,0.4015077385125598,0.5731974330328774,0.6393831980181229,0.7511988348427902,0.5965555178261005,0.8270413417413701,0.43779185455207603,0.8429715262624371,0.7159526939960104,0.5061184713926652,0.15072862623876343,0.39744639255255404,0.22072627806570716,0.28389760760963456,0.3753903332620964,0.6188879165230252,0.4974668268632183,0.18629858930145737,0.6419969016819671,0.9879266616542276,0.2706323301851122,0.1607669877882205,0.2815866059377712,0.6374075641993913,0.2702659818866409,0.39607499891042924,0.7507996325460736,0.8245859623656027,0.6713843088226321,0.7186192722953026,0.8617666565051966,0.6030336037793279,0.13740888379070862,0.3097907980779667,0.06437953777897325,0.7253693591162248,0.712934739999387,0.7847766185686527,0.12749698997297373,0.3037474762313077,0.3938393678662378,0.26755998683095406,0.6541211191078404,0.5082397935920222,0.26076303398306416,0.22614547013987774,0.0926660215513394,0.6508084415374847,0.6892497243984247,0.2312606313215075,0.22574317748334372,0.6003007876960731,0.5740631051713719,0.31868311102426095,0.4899804023527105,0.6543340586284043,0.38150243882441304,1.0735220322337249,0.11495853285827794,0.664245819213214,0.16835522259003116,0.7137640709724667,0.7272570595199476,0.6079008650761921,0.4379074550182335,0.8424037818862204,0.44671697464832016,0.8650429932302531,0.5974676876632485,0.9140058762565737,0.37926994403181374,0.5429005649295832,0.6538450234095945,0.5761840852752227,0.2513428362991015,0.27778794362191417,0.6927870892778897,0.7929104940115703,0.42038719352349724,0.08836139333862807
0.2131136146790368,0.4722616713858979,0.3308835449090689,0.0,0.4091811005482079,0.5761687980036394,0.18132019853622583,0.5763198416338016,0.10733601714191537,0.3509710072594821,0.6847869813031011,0.6496429756211927,0.3032131934978368,0.731983219684815,0.13279262864625077,0.5822777146109999,0.4910356693051949,0.6309532541834093,0.4803242026429356,0.4715940899940399,0.27884349882769444,0.29195696051311637,0.46357486550051646,0.48807294963406084,0.484776978004582,0.45565503586271233,0.356772823122926,0.7667645064516548,0.06387918897839939,0.19485372943192217,0.05641446197656751,0.30838468521174317,0.438207197930993,0.23886884692984317,0.4493244130438955,0.7312429425587746,0.3946861552160988,0.3969509363656198,0.5337813005008195,0.2859685135962907,0.22478566610785403,0.0727183427448724,0.34431125756195785,0.40431707058089544,0.8351323672991967,0.520800465077614,0.2679058704674092,0.14784039285855669,0.07099271701984725,0.45372105785212524,0.3276127789919718,0.17856159538576014,0.2793550235537148,0.21265134197425126,0.29099215435174697,0.587036299342976,0.6666101121868757,0.22637984862171343,0.19450978606440603,0.7474854746425287,0.33894778130915315,0.5505462455407927,0.3379382730861847,0.8241504418508968,0.2755122386442636,0.9005655030425158,0.4272400678180747,0.35375929987218957,0.40801094419686335,0.46089469754398776,0.4017001522642362,0.7686669879724486,0.11171077770339125,0.6409030471813797,0.6218884385153864,0.5635332812863667,0.27778828756570234,0.7590125640536445,0.18820308616657241,0.4045286967792068,0.32353087740561204,0.7192086031823839,0.437902982945259,0.4828105358702275,0.8325329619858586,0.47200220051752545,0.42994312601043166,0.256741272033483
0.6218973212270903,0.24268170538494843,0.7283537920794066,0.4091811005482079,0.0,0.21608964992050952,0.5513475491550889,0.6272416747687405,0.3271016354440382,0.2963441653592505,0.806561327916619,0.6046540821394267,0.1579388550964753,0.6700717847194637,0.3690225272218962,0.28366790883124254,0.3142992998620679,0.8438874684209008,0.8712130851486721,0.6920052927983051,0.6771053422349703,0.5632293320419514,0.698697230809261,0.4748749803142707,0.6182116586010076,0.8648361353822765,0.15183485031681812,0.49880417486891876,0.46119715445949794,0.6040104305646009,0.4653154989831182,0.12439433497037711,0.7393152167547697,0.4089726959633277,0.09424830740181091,0.6719142467392787,0.16923776008925911,0.26841001667818876,0.2734104151641535,0.12532357166973399,0.6338688112141063,0.4622787517511107,0.7507447398890531,0.012834457557518936,1.0045308323424513,0.23887304224154188,0.677065677379812,0.5229140389541347,0.3394181814090493,0.7612871010852764,0.22765715266099537,0.26692819594495704,0.6671218529197781,0.6114784122106889,0.6668679252570542,0.6160059183455532,0.7175022996130926,0.6230921896349386,0.5948674014005355,0.9564424781414349,0.27311318094801335,0.8651269105125579,0.40733515457827196,1.0424718581159906,0.46078800246585194,0.6868453645950908,0.8325974526151978,0.31791966094327956,0.7576088151507517,0.24154124089737897,0.04752791926316292,0.986802917257936,0.33111210110974676,0.44075647606746493,0.8798050456664923,0.17556704229186473,0.1317200441988671,0.6017547924315125,0.38738309466006043,0.436264149456289,0.13143212495836062,0.9295102642820733,0.8405659400982665,0.7942215741886991,1.0200585134054936,0.29933892558704867,0.6132946644518016,0.6629810593857038
0.7793165727267831,0.16899565598288202,0.8642308336430605,0.5761687980036394,0.21608964992050952,0.0,0.7394671664556239,0.5828172231975358,0.4757898451398579,0.3176540858652312,0.7742640504424848,0.5113644952802772,0.27377446043340775,0.5572213260255302,0.5672129080331239,0.10496910053855647,0.23133988805064762,0.8563540525283743,0.9945840073487603,0.7258700196109562,0.8544105805411495,0.6433593898283232,0.7392728866859993,0.4316053034461138,0.6193497089724004,1.0216162929577202,0.22330244092265858,0.2987575915032623,0.6156849672583764,0.7643764657875913,0.6317791857072533,0.33668003659837176,0.8102665681573636,0.48791529618836477,0.1338817479171266,0.5602067050830802,0.19324129254062017,0.4772997194592356,0.439186785660771,0.3031576001612043,0.7926952495761135,0.640043649344492,0.8982956419548159,0.22828466144516715,0.98047385607799,0.11209665428829677,0.8375605136319351,0.7083948881932892,0.5056998568522542,0.83373988914175,0.44334719902393355,0.46737021292601305,0.8507246368351382,0.7880114610851355,0.7886045237492685,0.5617225527814063,0.6586642568100307,0.8011513854516383,0.7701758938866702,0.9573810487764592,0.3060181885510798,0.9333599756445252,0.4368494268556816,1.0428886041206427,0.5272750862499533,0.4972446353576027,0.9758986466635267,0.5326424419667211,0.8553493449653947,0.1791097522051452,0.25854096523003056,0.9906887654135047,0.521986153734623,0.28808032871859773,0.9139251413025495,0.06333257527063003,0.3153629531379708,0.44652303431294765,0.48893644950997545,0.4328410295699808,0.34702959757471713,0.9332184074686313,1.0139194192293601,0.8659868860654462,1.0048203013965362,0.4938212971144781,0.6409709044941716,0.8128771307229985
0.1691427783587978,0.6492444571149576,0.30651289774429297,0.18132019853622583,0.5513475491550889,0.7394671664556239,0.0,0.7372703164843718,0.2874864727409466,0.532284859057675,0.8215971188787812,0.8228577400701623,0.47242722978108787,0.9051755102076962,0.1867565747102442,0.7559810796882929,0.6716040098201268,0.7365725200927057,0.44861686552973723,0.588860799531806,0.13738812047868007,0.41358665938342365,0.5748902176604538,0.6632351813378898,0.6322664379774245,0.353633452782814,0.5274385257458696,0.9460688045413322,0.18549138331165135,0.14984723628989763,0.14245297855379133,0.43375025652147026,0.5137548791939814,0.408546689291855,0.607811650968824,0.9041410114520936,0.5673303501737436,0.45183287053472243,0.6042218635128627,0.43808226924496835,0.16920584482337242,0.1086135710450968,0.2840936576550761,0.5437724511950741,0.9473434454035489,0.6945755797902408,0.188813491930852,0.033487537456780236,0.24239499858857774,0.5222590389405575,0.40251049358302043,0.2865308583508481,0.11737297643330227,0.08617708725283568,0.31986678543389513,0.7516123239694561,0.8230813832166624,0.08925859222329575,0.08132709219218583,0.8471645101199761,0.5199552299640899,0.6019571517493875,0.5123823382860022,0.9151892952520159,0.43495281667979363,1.0818675104006112,0.36085221665742845,0.3853378786910699,0.44563551688310765,0.638253690628262,0.5322552716817106,0.8627603069822753,0.22040104670208494,0.822062848736852,0.7050160512741572,0.7186390107410094,0.4270664168251934,0.9394088362568954,0.36126166048751035,0.5788696101619072,0.4400760694536224,0.8199658342776402,0.29858702895062095,0.5445036999234548,0.9373260752440784,0.5213836585552855,0.567124262580921,0.21849166715301777
0.643954534561687,0.4213860391299638,0.6258532970930091,0.5763198416338016,0.6272416747687405,0.5828172231975358,0.7372703164843718,0.0,0.5017136568960991,0.33452822844646096,0.19171193918108287,0.14648909873588906,0.48798630473761545,0.2073615213505935,0.6837230830519545,0.49311664570417946,0.3518207967662204,0.31189748355549135,0.6807289956144437,0.2596618536081441,0.7673545347413416,0.3495068911583727,0.283978308316159,0.1550204542368213,0.1304010515012636,0.8111183874539811,0.4759218535437568,0.5012759488070656,0.5523694857385213,0.6453222865107957,0.5971617910468616,0.6477912656998865,0.4045568013774419,0.3384519515246818,0.5656239014884601,0.2041823550697937,0.4612022646932343,0.830204183530646,0.8937468051146878,0.5642830155736105,0.6570147428975567,0.6400285711098257,0.6875400842200359,0.6356410455274222,0.39812502915503906,0.47109480807304893,0.6915803594241625,0.70708387210169,0.5527907977011932,0.42389139457508757,0.7571021866374723,0.6480906146413066,0.7914879914521629,0.7199134961566662,0.5344976146824506,0.03241637234985403,0.09511424449709131,0.7345400699359421,0.7038304814528604,0.38998779212228324,0.3590497136222472,0.4864952468445875,0.2548664944180084,0.4717257002176868,0.3028904053645472,0.49810285006703336,0.7295371440795895,0.8333938832787734,0.5061955883455408,0.4147393018827455,0.6649398735210174,0.42458554715008817,0.6345044648725515,0.36167349496015994,0.3983866947431322,0.6292118567798971,0.5733187684527455,0.338464099934676,0.3902158911437485,0.199910820241334,0.6742849834214898,0.3700100935421316,0.8688639993805084,0.4445112884454456,0.4248807471373998,0.8902370634924841,0.20690383865776346,0.6387970924521933
0.3038648515662406,0.36527786081222,0.4015077385125598,0.10733601714191537,0.3271016354440382,0.4757898451398579,0.2874864727409466,0.5017136568960991,0.0,0.2460134258387935,0.6318315086398772,0.5593756499145635,0.20210360088749998,0.6411570314654464,0.18235456932424685,0.4763449632067524,0.3841362407610475,0.6055055509642453,0.5443630671489639,0.443345322666417,0.383812331644446,0.2757196891123071,0.44085652862483576,0.3967253367001035,0.4272771831459449,0.547050483164599,0.25364567615933375,0.6594545612703298,0.140037689528512,0.28859402601809714,0.15907629691995961,0.24755904296578896,0.44466897692884966,0.16780636894586445,0.35357336491993935,0.6407924423367124,0.2899398468498671,0.3813153375158385,0.49834680546259197,0.20190989595828446,0.3170721613547675,0.17918601880713955,0.42719533518328207,0.3246194517046841,0.7996504192647369,0.41496531091999234,0.36184906910569986,0.2540459726710139,0.052732753407390746,0.4639540553950732,0.3055423314488396,0.16271507500405374,0.38629247066081396,0.318178180640077,0.34134261414218603,0.5081044636304731,0.5952124234022313,0.3323148592941453,0.2997852339526211,0.7233489546070915,0.2326217215245816,0.5665557514961539,0.25113081948210064,0.8046786113839517,0.21717127057779892,0.7957004975298688,0.5077490357901945,0.35802678302053376,0.44120692064804395,0.353815716214465,0.32929416500331027,0.7481707773550071,0.13303326602985432,0.5348039628601738,0.6135617978398259,0.4684594401094921,0.19726977277977048,0.6571907899926774,0.1175981193138513,0.31597062607885584,0.268789344172012,0.6949560252024246,0.539609520244262,0.4957757837196657,0.8027695279216617,0.4540998178768665,0.3855910674951131,0.34011174288911084
0.515699768795749,0.15746860699972026,0.5731974330328774,0.3509710072594821,0.2963441653592505,0.3176540858652312,0.532284859057675,0.33452822844646096,0.2460134258387935,0.0,0.510299054215513,0.3416683900449749,0.15406406363613068,0.4189840717801102,0.4125095744176392,0.27304209747033253,0.14565161146338323,0.5561817179564453,0.6912167455073479,0.41400756041486175,0.6159365301025997,0.3283056142309343,0.425315437965977,0.18910615498082828,0.32443563899130606,0.7460579391814767,0.14478792241836205,0.42354173882549073,0.36422112084332725,0.5058042085546065,0.3964094060610681,0.3161601905780927,0.4926581904682531,0.17900592210952776,0.2501858015073747,0.4195465198300417,0.14170837844237516,0.5013625788350515,0.5593194594621418,0.23245888732562323,0.5300306227155501,0.42367171682860433,0.6169771752744676,0.30368936776324346,0.7086356994744774,0.21912981593776193,0.5743436086656575,0.4988001626650556,0.2959486997735791,0.5161563841884458,0.4312448789211662,0.34678650563230173,0.6243486748655585,0.5529950249730842,0.4893207126108742,0.32714296644686464,0.42746206668358827,0.5678434093108395,0.5344756371866537,0.6653388619729099,0.02467045622980792,0.6157763357500584,0.12137582576852793,0.7516393115462237,0.21131348943326286,0.5497863016237703,0.6878934405075552,0.5140376468270921,0.5422854423783731,0.14526815140332686,0.3314720673485889,0.6968203819829673,0.358638393402408,0.29047233561423513,0.603564860157848,0.342173465543673,0.24274939950674443,0.41292063336966417,0.19683983807834152,0.1399204880547605,0.3423154731242544,0.6391421775905072,0.7608037077999652,0.5483510893433955,0.7253548563131949,0.5579026221435377,0.3305211145397322,0.5380218830561472
0.6964420019566128,0.6113797458399394,0.6393831980181229,0.6847869813031011,0.806561327916619,0.7742640504424848,0.8215971188787812,0.19171193918108287,0.6318315086398772,0.510299054215513,0.0,0.30609168673376114,0.6593101541962817,0.32870807672646624,0.8068543991877896,0.6847119387997993,0.5430473201379651,0.18034084988849278,0.6508905969665761,0.2435308581293401,0.820594325647297,0.4081404706694026,0.26431111451068595,0.3440306518488065,0.20479127822721924,0.8128373689372262,0.6547786850017228,0.6772931572474075,0.6460817686361131,0.7035774152975744,0.6916422031159933,0.8128245573264439,0.3758095311250846,0.4644350480500454,0.7512339778246698,0.32429417529973315,0.6445901672704452,0.9890409037866315,1.0664367284994412,0.7310238242102399,0.7073690165823304,0.7380191651902982,0.7037626971828195,0.8139855135445527,0.20641407171755585,0.6623912965740696,0.7330575284070661,0.7953963176768235,0.6782288234110372,0.38668374432345043,0.9137164624917399,0.7899284826526992,0.8514997423489195,0.7853637679569692,0.5578187036300732,0.21595790200352427,0.13881484753441437,0.7986532507561498,0.7719613797596303,0.2147975909925433,0.5339213412013583,0.40863205714725137,0.4096287859162727,0.28902347475349555,0.4153607400672421,0.6372134664623503,0.7250386979221777,0.9825609071834227,0.4868091520691407,0.6041712106753143,0.8412411251846043,0.24886187627128958,0.7630314415819931,0.545984428681329,0.28015708039082504,0.819647688504523,0.7384139625552918,0.49090810831196485,0.5143129248868092,0.3704452339458061,0.8394162083303791,0.20176979474972426,0.8907257323738688,0.3938277975098418,0.23465585897455643,1.0536881678320051,0.25588657164635414,0.677222713473464
0.7515429990461724,0.3707439167667229,0.7511988348427902,0.6496429756211927,0.6046540821394267,0.5113644952802772,0.8228577400701623,0.14648909873588906,0.5593756499145635,0.3416683900449749,0.30609168673376114,0.0,0.49000338621518436,0.0823794433992604,0.7394293918172608,0.41089826054497414,0.2957032107171405,0.45297462906826347,0.8182864778059443,0.40396517468456833,0.8713196682796797,0.46814961100533753,0.42787232875799613,0.162651778829411,0.27008536348983864,0.9374908282604736,0.4622200724534962,0.3715050759710159,0.6382045447089019,0.74978105637083,0.6804142893827806,0.6528113975377466,0.5464674387563764,0.4143249761544696,0.5274322600388192,0.08161665042965341,0.43597446925231903,0.8390517489594383,0.8779553778662804,0.5702285095564069,0.7653279684216964,0.7189281391244887,0.8105234971567645,0.6150748777823636,0.5038359501089795,0.40597854954821705,0.8034171455770407,0.7907773983020518,0.6121064044804291,0.5667266029085801,0.7712398707021784,0.6853169665139156,0.8910986268320541,0.8180991687345399,0.6586390958939854,0.11430961971034652,0.16878677543829346,0.8331289582754118,0.8008575921275828,0.518540031451576,0.36515210947533117,0.6326560008431222,0.31170776026433716,0.5950960683896029,0.39447346356920604,0.3516151397416625,0.8592331871631277,0.8554638058041986,0.6440532577496411,0.3681306647926614,0.647934366333193,0.553084369449446,0.6868355535956445,0.24806506996998784,0.5429736609658251,0.566318624127333,0.5816147923841636,0.19278306688911898,0.462391505224647,0.24512515080087563,0.6781116136774435,0.501864192615759,0.9863546718636839,0.5887969432764321,0.5377612590198191,0.8905961515577234,0.34251023192050245,0.7534647392890571
0.5058809134951554,0.18603102642181726,0.5965555178261005,0.3032131934978368,0.1579388550964753,0.27377446043340775,0.47242722978108787,0.48798630473761545,0.20210360088749998,0.15406406363613068,0.6593101541962817,0.49000338621518436,0.0,0.5638978185856423,0.31453003874607494,0.2843963975514908,0.2323995420013017,0.6873105331997287,0.7330922768872798,0.5342657129957377,0.5819938827912998,0.40802490668506824,0.5407684963992379,0.34268700508515065,0.46530639666601226,0.7487315123581032,0.055241137283392645,0.48504889106006605,0.34210668012401896,0.49068706496145525,0.35839768403327216,0.1630946216394882,0.5836487320155934,0.2520335324355038,0.15434316618708216,0.564931339818633,0.09647739355247188,0.34919985324880637,0.407279278656456,0.08028134180254436,0.519152400325187,0.3693247880296765,0.6270337168704743,0.16192682225046523,0.8532488611567887,0.2234040899308056,0.5639509103307274,0.44025734334250965,0.23346791731627461,0.6059623118410924,0.2817558322599843,0.22642690304307583,0.5803328636532498,0.5156992190345435,0.5267152024099397,0.4811997887379405,0.5813631402519751,0.5291727550616948,0.49766027891861503,0.8008385178179477,0.1293942700541109,0.7095363289562941,0.25319973279594704,0.8866330915295366,0.30311430354289676,0.6466968888057391,0.7061286741739196,0.36846802683453606,0.6083529002337699,0.177113554529398,0.18422064974420332,0.8307058342086517,0.2634922491947505,0.383546770176498,0.7218765857952301,0.2685318724725846,0.09218490713895225,0.5309543662700468,0.23506057578297934,0.29026115737078423,0.18887451172865732,0.7736420007065343,0.7404595277348308,0.6389262766320245,0.8668332534687049,0.40398956512062195,0.45628947205537496,0.540746181908922
0.8318631660527778,0.4306371299390613,0.8270413417413701,0.731983219684815,0.6700717847194637,0.5572213260255302,0.9051755102076962,0.2073615213505935,0.6411570314654464,0.4189840717801102,0.32870807672646624,0.0823794433992604,0.5638978185856423,0.0,0.8206884782366318,0.4534153517549239,0.3565066689240116,0.4932156794660793,0.8877394659772562,0.4664041521093028,0.9523070450088285,0.5453778965409775,0.49087672460658077,0.24454998257805127,0.337134908830322,1.0131483293122086,0.5324849773676789,0.3731871942949645,0.7204303947088284,0.8305693700465063,0.7627395999474254,0.7257933489541789,0.6118660728482622,0.49663056742882544,0.5883670852786843,0.004508709660772298,0.5032911164579179,0.9118441340773333,0.9432887946618839,0.6441497880967023,0.8455473603611289,0.8013075754366716,0.8872727276705052,0.6810411064001255,0.5105106297385826,0.4580958805356765,0.883043520542486,0.8731261597718227,0.6938884372733479,0.6309986364480225,0.8456491565376342,0.7644975517210671,0.9726063193502202,0.8996873426058496,0.7347578020801254,0.17835584339864208,0.19226469976097604,0.9146915244177115,0.8825361220095449,0.5432919231310069,0.441834371716997,0.6895560181174657,0.39405874995503,0.6135129854038237,0.47583620225623063,0.3086185138542888,0.9333962293989081,0.9312544508090433,0.7131846866768475,0.4297364907899385,0.7146975293212234,0.5770547129160862,0.7678816763851313,0.2761297568508706,0.5882460839448639,0.6155462504370753,0.655974199796243,0.16797692538843265,0.5447708425621606,0.32745482586351027,0.7505999645624343,0.5302215234796888,1.0648959779640765,0.6508603357592053,0.5487887126212493,0.9608614618589152,0.4124868823290198,0.8324216067484572
0.30371656984541556,0.49981548015738486,0.43779185455207603,0.13279262864625077,0.3690225272218962,0.5672129080331239,0.1867565747102442,0.6837230830519545,0.18235456932424685,0.4125095744176392,0.8068543991877896,0.7394293918172608,0.31453003874607494,0.8206884782366318,0.0,0.5969674118446694,0.5363984478106414,0.7619972698377311,0.588382831800376,0.6015616307164707,0.3209556282207512,0.4230517997205398,0.5946257157100067,0.5769556373601529,0.6037577532874622,0.5288701980928896,0.36914768569284,0.7993441536436313,0.1925020564361323,0.2824280757849517,0.16154950480481037,0.24846709592155322,0.5706539545582785,0.34715105849599004,0.4335855875548915,0.820518790044187,0.4108699936858137,0.2814264247537435,0.42868819664250435,0.2643158407308023,0.3113818826158797,0.12805906568198955,0.43663818752869116,0.36058612008398394,0.964242193068893,0.5368181425284526,0.346957809689858,0.1630374771943193,0.13097994948546013,0.5857447512626791,0.22192387004569197,0.10209467837581092,0.30412897814113776,0.25967430100900285,0.41354420575456685,0.6904537250079892,0.7768154176891463,0.2683422113939189,0.24622394782932522,0.8789575383362109,0.3943025312344836,0.6812425760301861,0.43329943537481774,0.9563412050986829,0.3921009218706494,0.9538338266553729,0.5191850380588298,0.22780058679266574,0.5351803120510875,0.49018658280001853,0.3468640061456879,0.9006861862142203,0.05390451327513025,0.6898673982468323,0.7546595632045395,0.5404617568838557,0.25186963584387234,0.8247094084118523,0.2954422008005728,0.4975731798225647,0.2535272472782987,0.8506208199757288,0.4843201829657315,0.6143449224751413,0.9630570664812997,0.3552876932972591,0.554719025752758,0.3540402478093221
0.7728820868364001,0.11683730259172873,0.8429715262624371,0.5822777146109999,0.28366790883124254,0.10496910053855647,0.7559810796882929,0.49311664570417946,0.4763449632067524,0.27304209747033253,0.6847119387997993,0.41089826054497414,0.2843963975514908,0.4534153517549239,0.5969674118446694,0.0,0.1512383543161276,0.779750088089101,0.9641100373920505,0.6597733729146812,0.860157287815762,0.5997918917062485,0.6755242051808973,0.3475581852469271,0.5437624919749305,1.0104651725750553,0.2291552948373133,0.2154440441974655,0.6123828820280803,0.7601909841399405,0.6354184663501579,0.39075286107195434,0.7576925121951941,0.45180122088462604,0.18972155618224115,0.4565059567359986,0.1886614908336929,0.5520463134771696,0.5325577422932147,0.33730985463804486,0.786853907973631,0.6511421258682175,0.8832628822709098,0.29650236598457314,0.8910758183107911,0.061499449330997345,0.8318503336071725,0.7234546086883745,0.5147657399592604,0.7813274931362741,0.5076633594398097,0.5028739675026429,0.861442720241132,0.7944417937075342,0.7612306010604154,0.4696683174022478,0.5636925449732605,0.8084538070535002,0.7760874852746104,0.875631246531108,0.2691874926133529,0.877276253165947,0.38195766453385244,0.9601415630762642,0.4828188034162454,0.4052529101075014,0.9570138035419202,0.599159175133275,0.8142322251431776,0.12923250817394918,0.3304792944296374,0.9095383172967377,0.5471807387759733,0.18314401489368456,0.8443295944916538,0.16667104873770103,0.3508872725589671,0.3425339122965114,0.4637493212505957,0.36412430870306634,0.4066249934499749,0.8526354600315074,1.0143473404860193,0.8126263671786661,0.9176966455732589,0.5779674933541847,0.5748254027200072,0.8009815221249941
0.6613446658851544,0.07504070629318102,0.7159526939960104,0.4910356693051949,0.3142992998620679,0.23133988805064762,0.6716040098201268,0.3518207967662204,0.3841362407610475,0.14565161146338323,0.5430473201379651,0.2957032107171405,0.2323995420013017,0.3565066689240116,0.5363984478106414,0.1512383543161276,0.0,0.6295770329922362,0.8285698381376562,0.5087389820051033,0.7603861042570239,0.458499198130172,0.5248200790446329,0.20043095022267254,0.3930773279634213,0.8908719710512302,0.18792684075979366,0.27812127198295755,0.5086232300369901,0.65132370373166,0.5389899353595571,0.3834832792327142,0.6102382513225008,0.31991555291645896,0.23229207447927333,0.3585384211485976,0.15202071985929808,0.5661245734856958,0.5870573895955824,0.30809216830567154,0.6756715781327725,0.5632947245134895,0.7614052150177902,0.3256148938114315,0.7491766409165964,0.11934860050006786,0.7199951718356158,0.6381766663114566,0.43091550244771526,0.6338484921081795,0.5060420440372961,0.45644036206832334,0.7674706447327468,0.6967977506239049,0.6300069749890869,0.33181137995742216,0.43055631447535203,0.7115249423736755,0.6782551845218171,0.7276615404467012,0.15271202980061874,0.7281563630384884,0.23719438267940637,0.8127896075540205,0.3429496665037852,0.41749261346185107,0.8308697515384145,0.5958918446689025,0.6725016523396963,0.07323085840698078,0.35981016227807705,0.7612733932199164,0.48300096463438724,0.15347030056208322,0.6931063821794134,0.27814068523081314,0.32138184844880946,0.29935252988882105,0.34219757412541985,0.2133073056613433,0.4061947745253174,0.7040506781716168,0.9063988430095986,0.6646500537051865,0.7735543988594081,0.6093013981311266,0.42388240906301683,0.6833295509448699
0.589891175043955,0.687539021834347,0.5061184713926652,0.6309532541834093,0.8438874684209008,0.8563540525283743,0.7365725200927057,0.31189748355549135,0.6055055509642453,0.5561817179564453,0.18034084988849278,0.45297462906826347,0.6873105331997287,0.4932156794660793,0.7619972698377311,0.779750088089101,0.6295770329922362,0.0,0.4903175747564136,0.16216745346719758,0.7088091089999158,0.33905185088283324,0.16740154448815153,0.433712911242147,0.23702043831922548,0.6651335013499285,0.6972475958575058,0.8125668633501933,0.5801368017894157,0.6014410416568087,0.6232405118760279,0.8231301426648072,0.23641172448769293,0.45150555369464207,0.8063663741148165,0.489044756260727,0.6978090696217452,0.9837544088518237,1.083087614040323,0.7476364279506676,0.5984554372129623,0.6702534804516739,0.5692076229192196,0.8489218018668768,0.2113670324750274,0.7455013741436645,0.61575255906294,0.7152865560030267,0.6432092569167834,0.23909234598156903,0.9073301163738728,0.7681899590618917,0.7440434506941125,0.6851729594007265,0.43748394766419496,0.3435842449927007,0.3020104738427549,0.6967340795404252,0.674702905138839,0.11784528274349343,0.5763234119170935,0.2349609430852677,0.4377012266593619,0.20082816707927523,0.39672930683971785,0.7998099551218826,0.5762173366950196,0.9633822154603915,0.34108912202780167,0.6780168791247554,0.870981816317909,0.14427182203692235,0.7265023618173968,0.6697836799794255,0.0998162589793147,0.8922918503476047,0.7520079981307047,0.6452614139716246,0.4926504513841873,0.42466782122603103,0.8488789774006548,0.089451885539303,0.7536859891079078,0.2359137938333796,0.2021301757147916,1.054106999067528,0.23127931049845335,0.5604407693181019
0.2874055105677104,0.8477366806579139,0.15072862623876343,0.4803242026429356,0.8712130851486721,0.9945840073487603,0.44861686552973723,0.6807289956144437,0.5443630671489639,0.6912167455073479,0.6508905969665761,0.8182864778059443,0.7330922768872798,0.8877394659772562,0.588382831800376,0.9641100373920505,0.8285698381376562,0.4903175747564136,0.0,0.427084261843303,0.34111298144347724,0.37326240134459937,0.402504125887076,0.7050967804253501,0.550606418508156,0.19093746932281053,0.7752276700102557,1.0918796671837092,0.4188324717874998,0.3089267618333587,0.43208905946203935,0.7848790210225882,0.28054710648898445,0.5123094283255497,0.8872327410578044,0.8847076572804884,0.8014195393898667,0.8693302476295689,1.0123103077444817,0.7462182135522805,0.2828109126671673,0.4603368206590064,0.16636916637421856,0.8689702521111767,0.6796048263637415,0.9082177155057398,0.26056609440854706,0.4498103263741837,0.541203817876196,0.2657188206548064,0.8047364477317982,0.6582999657359212,0.38150656182951986,0.36414080386064523,0.20651435685217098,0.709449658879914,0.72786066887145,0.3659865025598363,0.36735121319414227,0.5615854427243633,0.6956387499222194,0.263215984127756,0.5939024800613928,0.5982360127347119,0.4859126236431861,1.157035793626011,0.11126159639145754,0.8144153833580752,0.17455517068702925,0.8353716833680985,0.8727284772531942,0.5606227668049756,0.588332129918324,0.9428244281273596,0.4085369995555418,1.0002452025340065,0.7415289454995455,0.9948473297661563,0.5056508894393885,0.6376469930045096,0.8021519327078432,0.5420929928432388,0.2985382932724586,0.25740110269613187,0.651205571941526,0.9435784533617363,0.47591996421943034,0.2358775775997414
0.45481617330437946,0.5575922568508207,0.39744639255255404,0.4715940899940399,0.6920052927983051,0.7258700196109562,0.588860799531806,0.2596618536081441,0.443345322666417,0.41400756041486175,0.2435308581293401,0.40396517468456833,0.5342657129957377,0.4664041521093028,0.6015616307164707,0.6597733729146812,0.5087389820051033,0.16216745346719758,0.427084261843303,0.0,0.5782849159020058,0.18027364665732343,0.024689098531629115,0.3297453688550891,0.13592181157871655,0.5751759480847286,0.5494977504855371,0.7278135555340817,0.42359574362242763,0.4631812271728907,0.4678366506008658,0.6640548628535491,0.14697530342542844,0.29165335838474893,0.6622209950400465,0.46303252117499794,0.5548935055583577,0.8220707977526037,0.924137136753194,0.5905123809603616,0.46526150037736475,0.5149544191088777,0.4617380126261896,0.696169824939364,0.36375953074438355,0.6182559101210672,0.4897664455101309,0.565121900038935,0.48132372302096244,0.16485416116576124,0.7456768984702425,0.6060237257823294,0.6102477629136368,0.546004905045841,0.3143466043109305,0.29058439653318413,0.30088233109065643,0.5587888415286434,0.5335734919059163,0.2800126123708406,0.4317103067099257,0.23220300915631925,0.2927142832316145,0.36190041129765743,0.23687060809006244,0.7536456127865253,0.48896639194987235,0.8012177070057601,0.2545302938721554,0.5469463135503244,0.7163790851284323,0.30528096843908975,0.5649264629478219,0.578362400718137,0.1896364926336506,0.7556302577217537,0.5941192112558649,0.5917277982688463,0.33105142228645673,0.2957028657652454,0.6895075181568231,0.25161361201008686,0.6485389426950772,0.18492973428467877,0.3615865170210724,0.8928268838991825,0.08509289469954968,0.4338777422116435
0.12481247143348406,0.748386782105332,0.22072627806570716,0.27884349882769444,0.6771053422349703,0.8544105805411495,0.13738812047868007,0.7673545347413416,0.383812331644446,0.6159365301025997,0.820594325647297,0.8713196682796797,0.5819938827912998,0.9523070450088285,0.3209556282207512,0.860157287815762,0.7603861042570239,0.7088091089999158,0.34111298144347724,0.5782849159020058,0.0,0.4214266713037519,0.5599040200109335,0.7190770420952957,0.6493431561930475,0.21879297511881554,0.6356055739499218,1.0382910960291718,0.25178080702416433,0.12212365031371943,0.22474192985553043,0.5636821081745463,0.47402073866806804,0.46534529488480586,0.7258485546014355,0.9506731220339618,0.6732426140826956,0.5891247408846628,0.7416072358742335,0.5586188156601276,0.11325827070451593,0.21560060315633903,0.17638148985477653,0.6704842242237923,0.919341490248277,0.7987697687377783,0.09505914216900521,0.15795692346353102,0.34877452229198147,0.47647802935705963,0.5394433974070578,0.41732196465591437,0.040715575768382514,0.06640909120559287,0.27143117052439647,0.7865586485869294,0.8449577347655868,0.05401316473874198,0.08433685094429573,0.8107525218699151,0.6078509170988555,0.538281261717993,0.5714100942933942,0.8699068127009698,0.47698603642792514,1.1580853765980907,0.2403335330968917,0.5218033505885371,0.3841031148954246,0.7367104706574924,0.6617390058648341,0.8212849761441151,0.34760283785008017,0.9053282255162556,0.6600272280077746,0.8390483881978208,0.5487987299964546,1.0077534976504543,0.42643595260951006,0.6353240991414081,0.5721273393649229,0.7852512937477345,0.16405456043767833,0.4919213307552224,0.9030049298483954,0.6582188975008842,0.5765899596619084,0.14867261620105257
0.2968365561907423,0.48557078798842707,0.28389760760963456,0.29195696051311637,0.5632293320419514,0.6433593898283232,0.41358665938342365,0.3495068911583727,0.2757196891123071,0.3283056142309343,0.4081404706694026,0.46814961100533753,0.40802490668506824,0.5453778965409775,0.4230517997205398,0.5997918917062485,0.458499198130172,0.33905185088283324,0.37326240134459937,0.18027364665732343,0.4214266713037519,0.0,0.17165093055831057,0.3365748734694697,0.22796669713589637,0.4700463915144044,0.43749868254101126,0.7186197593155352,0.24344726448456358,0.3006043511542183,0.2879872635723433,0.5131881013428939,0.17615354345930026,0.15787278646795666,0.5537468129311903,0.5431311103542582,0.4547285173266784,0.6569580636501083,0.7706101605293467,0.44863753853852567,0.30932606168143717,0.33506176402917287,0.34238738895150506,0.564900407717707,0.5440098485880441,0.5473992640645647,0.34233221337008635,0.3880555554711239,0.3075443740007979,0.1980754692615262,0.581261853028005,0.43607602313708343,0.4487675410377929,0.3798956452363836,0.19124955488851017,0.3717508620806267,0.4236900184245902,0.39377545817593246,0.3655353733394779,0.45590861666140897,0.3374756401688143,0.3019010819802964,0.22179040548748935,0.5340348178373037,0.11706956343539517,0.7913851379356366,0.39485773074374686,0.6296491502716913,0.21447902163323962,0.4734613210051718,0.5793589200263454,0.4780691382294648,0.38914909065822184,0.5696717273966803,0.3380607855875248,0.6598370194852404,0.44935437353133345,0.6309420485477982,0.17730410270993646,0.26489863450000195,0.5370353837056588,0.427569027104502,0.5201505460216131,0.2310252321547931,0.540584835355812,0.7298050409225202,0.15600099283767624,0.2892904680663056
0.4371153292831351,0.57157796843639,0.3753903332620964,0.46357486550051646,0.698697230809261,0.7392728866859993,0.5748902176604538,0.283978308316159,0.44085652862483576,0.425315437965977,0.26431111451068595,0.42787232875799613,0.5407684963992379,0.49087672460658077,0.5946257157100067,0.6755242051808973,0.5248200790446329,0.16740154448815153,0.402504125887076,0.024689098531629115,0.5599040200109335,0.17165093055831057,0.0,0.3495907635158528,0.1589410252189192,0.5519190758035535,0.5582704726963352,0.7483582085627837,0.41345454758998995,0.4462495747473902,0.4570598841374208,0.6664407497716088,0.12229839461761591,0.29444028262446154,0.6719851954869981,0.48752516791673745,0.5653575947993831,0.8210784323150806,0.9263502480389223,0.5945158014643597,0.4471791231379329,0.504159328366552,0.4397489152216782,0.7024446530230227,0.37411208661395445,0.6326534645754153,0.47037304925245027,0.552022185329933,0.4768391499030003,0.14023755757402318,0.7448051387481495,0.6031876429725614,0.5925808159440697,0.5294689181368851,0.29383402754254606,0.31473730119758814,0.32539085428828146,0.5419741991509499,0.5175251997645434,0.28448489996686166,0.4421048114195388,0.21059096429348337,0.3039781292725433,0.36405070241510373,0.2400931873145947,0.777069671645265,0.4653910293924413,0.7979909406231954,0.23024050956314304,0.5607070777347,0.7216752185007198,0.30769430548219656,0.5596524929319754,0.598532130490882,0.18110813329575953,0.7674325642100934,0.597572426328898,0.6149840268331777,0.3310454232704781,0.31151362764407675,0.6915949900547266,0.25610149052241765,0.6266728973984982,0.1609294539916014,0.369082444199868,0.8925263301647985,0.1014994220363208,0.4144309313246507
