0.0,1.171744467140135,1.1168886634367483,1.4773753296601992,0.8055438280854176,1.1946126644590165,0.9791866662656146,0.7405503395426983,1.3275525630234937,1.0435100800172765,1.3574044154646387,1.1894049445788955,0.894962558659862,1.2177391137242934,1.318344808858328,1.222513494021222,0.9904115123763614,1.3209780518927263,1.128622488941364,0.8894188902602713,1.3853179433169867,0.6956564324451573,0.8893539708178062,0.8930022359853659,1.0119395174101427,1.2988442223612056,0.2398781824282475,1.1243639398748968,1.0354418035211266,1.412895398622833,1.2840334031966718,1.1900730725931095,1.3694263751502427,1.43976458164985,1.2801890590073686,1.5004712155804911,0.7789539104712213,0.9496026056642561,1.3046324043527429,1.0231657009803161,1.2274570669777536,1.1775811940641308,0.9423952151235246,1.1368805246266664,1.1750977165142376,0.8066726994054907,1.0612937968981744,1.186134423625496,0.6060046897168391,0.7882594380224957,1.0511404784363578,0.946266361005445,1.268471974064866,1.3792542801773782,1.0396710242945506,1.059196979977144,0.9186253962021804,1.1629552496457938,1.3326054320960503,1.0669954808613655,0.8985212752980339,0.8829973201288319,1.6055729094073257,1.04480085771083,0.423518686994654,1.468205207837857,0.6727527738080401,1.285667367407567,0.5394784791961846
1.171744467140135,0.0,0.8965963692094873,1.200616948529727,0.9253852259421719,1.0395125651074746,1.0785958645204219,0.6074680572796758,0.8458355854708569,1.2277755205523229,0.5252008589788809,0.7399112808939603,0.8272509751355941,0.8808606706591671,0.7321448214330136,0.9492685160177646,0.950800118215081,1.2009953273348342,0.777056714706884,0.5041193804938319,0.9800790602794007,0.9049948387908584,0.48687139575939764,0.42847583169314657,0.9984625550425223,0.5287335135663139,0.9547876276388088,1.3592869385789201,0.778565576225581,0.7556977329984554,1.01010442536793,0.9458016858685904,0.9837900545334463,0.7192134594191626,0.9231768446043431,0.7829131822504879,0.9224685831785643,0.9623443209878483,1.2236883193732033,1.1387868011486875,0.9656669251894955,0.9647552197423178,0.9515666921345522,0.5347389637022903,1.0593916386374593,1.2402940395320177,0.8531055387446316,1.1143188624872438,0.7102358738967431,1.0069876764399481,1.0797728895215282,0.664230153529408,1.0534409738327506,1.1249539667107455,1.0422704936083877,1.4535685942173175,1.0177266938799583,1.040189280917699,0.7143503601863341,0.6039949458909568,0.4583648835731166,1.1219687538289955,0.8593705343532754,0.5287136515842682,0.9686861365506553,1.1799385163604106,0.840226507554546,1.2254290085820365,0.6490063930948763
1.1168886634367483,0.8965963692094873,0.0,1.013701197055073,1.0606689095287942,1.2190918598840494,0.8735648662402988,0.9894984202739421,0.9807425726354857,0.74307872583263,0.9943216960902919,1.0698511111205535,0.7959722080545867,1.1149253402158303,0.9949200969121894,0.9125442776392624,0.3964632326096762,1.2846193209705226,1.0466186717384784,0.7094126701329261,1.001964840690601,1.014269216767207,0.7181815359455999,1.0441767837178297,1.3311779285226186,1.0127355315020956,0.9628577953931227,1.331581056037512,0.8240846454561265,0.7403587811589288,1.218266694987653,0.9908789561481282,1.1692216818770385,0.8054379243067201,0.5189033002616161,1.0886122633826376,1.222564946470081,0.8790640383002234,1.1195503576386852,0.9555103911670021,0.42537110474374934,1.1183898620915023,0.8145136046498003,0.9149635946417233,0.4326428233860706,0.8539153594445398,0.3462033932237462,0.9075363945124008,1.067939097588276,0.7579980366245099,0.9758421346381867,0.6169791333595029,1.2700017497295515,0.6327067669656946,1.0441831363088696,1.0320978046661677,0.5822646865833911,0.9336047219833298,1.0765981884594291,0.8699675058819651,0.581687736228987,1.0008400585394328,0.8592419308320143,1.1505566795464992,1.0719108611304065,0.7582544824862373,1.0797252765422556,0.5489270817926082,0.9066393834925637
1.4773753296601992,1.200616948529727,1.013701197055073,0.0,1.4675515794236245,0.9552458938426809,0.7622864400413043,1.3567871775273637,0.7175419667456885,0.8062175175716977,1.006964681368976,0.9444766086137102,0.7567701720292687,0.713922933213652,0.6890896642373951,0.4784478737336106,1.2093666092508586,0.7852758091041269,0.7983303501019532,1.0124453032541807,0.48100829705876574,1.3814087786302764,1.1685384616955994,1.2185541420926838,1.007932509430865,0.9508570353865463,1.2865373784119463,0.8607776796189672,1.2947464531572348,0.5597479503532972,0.7873280579314268,0.859661760528408,1.1189018183744996,0.5950183247508736,0.888735545273659,0.958864218004548,1.0710767869570539,1.1662179510110575,0.4279036785966477,1.0811527028256398,0.5987653191495819,0.972797584607954,0.6575836663965523,1.0203195487427015,0.6444619563720999,1.0780562689769677,1.1818820073311356,0.34510343534699967,1.3686412340226946,1.2588911546508637,0.8957327173662812,1.2473097354167972,0.6531801512770341,1.1224667241822708,0.9184759816609714,0.7750636830486569,0.6894798419931651,0.4923444889954098,0.7747892060608289,0.9842765162923609,1.142773860148535,0.9207699878152151,0.6689289265628304,1.2053107373105787,1.3329739088213273,0.37449703376730037,1.5047702578897697,0.9613831950138708,1.2251281007527046
0.8055438280854176,0.9253852259421719,1.0606689095287942,1.4675515794236245,0.0,1.017393012205468,0.8220152160048526,0.6557101407614966,0.9687633894046914,0.9736176155953179,1.0799532278109512,0.7735369546412344,0.8796685286477006,0.9744895015373343,1.3509764353966982,1.3172596587314684,0.9724484279343798,1.2708583560117264,1.0446221145904604,0.5823862480501855,1.389468063872062,0.22871475931138963,0.9941146631113604,0.7486666417697962,1.072843055462742,0.9815155877144808,0.7051217692884119,1.206081759521345,0.46531328554898976,1.2039352146958515,1.4336495422696023,1.3099323343152331,1.2256338672258145,1.2783213968013483,0.9681476701804766,1.0101269935406452,0.9058249765388833,0.5553111637038269,1.3109909132628632,0.6319692325129678,1.1856417752932864,0.8285423360867542,1.1902116712853763,1.2057709764893827,1.211307389582111,1.020580228989941,0.8297741286299698,1.3028943365326173,0.7261067175758839,0.5313615384652609,0.7598021681702045,0.7673022649765111,1.330383108534131,1.3202035846354911,0.9332217526788307,1.3255718510038152,1.0681127244661435,1.3672409363076932,1.062349751843013,0.9454853031810198,0.9016483208052194,0.742431312376223,1.3604742339099025,0.9924522869769632,0.5358766883637772,1.429945563806828,0.4814145196662979,1.204961369404766,0.6888264084835041
1.1946126644590165,1.0395125651074746,1.2190918598840494,0.9552458938426809,1.017393012205468,0.0,0.7294777839627188,0.8611522244243703,0.5685619079233835,0.9581294421190296,1.1507614501914216,0.7597735258141599,0.4785964695255271,0.6117970041806196,0.9118684371977649,0.7515405885085904,1.131627679478304,0.3177433574129124,0.9829751302939873,0.87767214310723,0.7163034778641658,0.8582477726042206,1.1317975847286406,0.8224625940224175,0.9050628373789632,0.6164612107373769,1.00136922511039,0.5617876746453162,1.1379489601644126,0.9147487992333481,0.7534741329036204,0.6973893859324068,0.5268378489873856,1.0042266027234932,0.9230244475203025,0.9072464628907424,0.8452368061715184,0.6590411606041519,0.6230904307295618,0.9358212844236268,1.0400740755658042,0.28441545950591113,1.0056794468054617,0.9549249960428053,1.0976678968609808,0.8518732139795572,1.258322183783622,0.9501216016370606,0.9142694524399412,0.8911289121962899,0.5490598035993263,0.9440796560758252,0.8833798319185522,1.113343890495659,0.2623570700546009,1.0074243398196796,0.8687435562996532,0.9949606481032508,0.8731686787214215,0.5702943041748008,1.1071363748625422,0.6362302050201939,0.9803008084875132,0.7736364338004429,0.8386133516929173,1.039147727348396,0.9271032258618235,1.0740957427062634,0.9734679097493567
0.9791866662656146,1.0785958645204219,0.8735648662402988,0.7622864400413043,0.8220152160048526,0.7294777839627188,0.0,0.9894339771959288,0.5755914866670762,0.3271234091895152,0.9935698733296524,0.626773897397383,0.5121181526118543,0.5537668478777998,1.0081682816218325,0.8040555327506904,0.9435941709922175,0.7841357864388981,0.7425774434225885,0.6368715060551055,0.8780740015629614,0.7544377125120325,1.054289054579317,0.9522080284599773,0.8339558545701976,0.8850147110741843,0.8254735546426397,0.6430735738414587,0.7798618689790264,0.7878123680231217,1.047440886503596,0.9914371890115646,1.0722542881880865,0.8949730428158111,0.6768801484348926,0.8339572333207604,0.775468655475605,0.5957201320914005,0.6090263568809341,0.3673214552713212,0.6879279978212075,0.596984105574775,0.7319572145986006,1.1061306332786702,0.6924724376414116,0.7172649636004398,0.8472625329893851,0.6338595680215695,1.0074721247841538,0.6680993467914188,0.2859050972341581,0.9370148814465092,0.8440215996082583,1.0968998851148737,0.6019064681041117,0.6535785313881444,0.5656955179288341,0.8200017893825181,0.7728240051893525,0.8627005812953528,0.9773442854288764,0.22896337402414643,0.9701847795332,1.0779568856356754,0.7774581992579267,0.7848655574131316,0.9921175338381426,0.8176981215874166,0.8687538675306375
0.7405503395426983,0.6074680572796758,0.9894984202739421,1.3567871775273637,0.6557101407614966,0.8611522244243703,0.9894339771959288,0.0,0.9755925659681937,1.1425283575681016,1.0002614718765137,0.8830230035104665,0.6743814480681132,0.9740226939194234,0.9808628635682197,1.0150038819225975,0.8279251171994765,1.082157073258809,0.9857285511736459,0.5946454215908775,1.092829511255368,0.5214062647610858,0.5796704451817003,0.34040923792288513,0.9718549188329008,0.7348207845881923,0.5532175096305172,1.1460612607179288,0.8333963641336047,1.075933223093802,1.0149221338104122,0.8675782573332733,0.8599014145833243,1.10059403668346,1.0081960209980898,1.0908677415085388,0.7752001898862955,0.7026157390048684,1.2020392150096857,1.0397039290471917,1.1042639837902835,0.8349187425036396,0.9837715503554546,0.6921068587641143,1.141546118191907,0.910135435456796,0.9364810351030854,1.1904762315031658,0.21604057971422116,0.7004376160672107,0.9315424450592004,0.5041553285700289,1.157227813817451,1.0994177623644306,0.8000806192230305,1.28770351025088,0.9311303643586013,1.1279283224162737,1.0157812420932701,0.529499303602633,0.5739180087291524,0.9151559132874801,1.2001504346520444,0.4656900294834202,0.4841678704126245,1.3313503900439712,0.2983369745027312,1.1776044992665462,0.39226931876735854
1.3275525630234937,0.8458355854708569,0.9807425726354857,0.7175419667456885,0.9687633894046914,0.5685619079233835,0.5755914866670762,0.9755925659681937,0.0,0.7915079624553131,0.754785054932796,0.4165969970124953,0.5697449598903522,0.35238637625623404,0.7918642840460443,0.7280113718880026,1.0656747448286423,0.66371156946285,0.7117951143584403,0.6363590388558958,0.6725051682496638,0.9142591014342797,1.0462868396393634,0.8361817972967068,0.8963880847811142,0.4545079393768785,1.111409720494249,0.839425803937035,0.845270311616657,0.4966235586077293,0.9105172735375254,0.8833599046818547,0.8081011298055125,0.6148353366484348,0.6226122872949872,0.397174468112093,0.906386097885974,0.6935949967203335,0.636561168868047,0.726160279640334,0.7587016296899677,0.41223989742835243,0.9096185059410982,0.9402034488369196,0.8642807162524876,1.0330809118106576,0.9758382636838929,0.7853781734713766,1.063923084512652,0.902321912414394,0.502477927701262,0.9161257108147752,0.7983136699201914,1.0650702049513003,0.6149934650275626,1.062561210852027,0.8188993217796333,0.8978993999794047,0.48159774221159957,0.6622081168429993,0.9730703118860066,0.6563879104351972,0.5913929556574022,0.8872214339209479,1.0160628611299138,0.7739132092790107,1.0714070931913766,0.9514821154280597,0.9912307608226257
1.0435100800172765,1.2277755205523229,0.74307872583263,0.8062175175716977,0.9736176155953179,0.9581294421190296,0.3271234091895152,1.1425283575681016,0.7915079624553131,0.0,1.161447734860035,0.9006442419396619,0.6567813185287664,0.8422791254792262,1.1390966646389535,0.8890938532768132,0.8367018586446475,0.9752576108350657,0.9551731036311617,0.7947192449125897,0.9780963375205808,0.9084743384062716,1.123121378328845,1.1620856265317843,1.1008380105550035,1.0893065671783675,0.922824896245305,0.8368321869755804,0.8790838404545738,0.8630377934423049,1.1975178668640454,1.0731909452214536,1.2009877502485722,0.9818959200387655,0.623648669269733,1.036416673675098,1.025845947722658,0.7028176897694393,0.7393537189742385,0.49623624010760764,0.5833446450282813,0.8404798213991946,0.7846337728724395,1.2198530408153876,0.5373717364881172,0.6516232742546444,0.765949925994102,0.6816113055291365,1.1684970865165845,0.676970338055153,0.5103209052634666,0.9654906555971817,1.0604444622911453,0.9849634813208125,0.7701547761342146,0.5640152628068856,0.4925862974190353,0.8792762835381996,1.0051210329916287,1.0037185056739926,1.0269553550693586,0.4764194537695049,1.0282221373113258,1.283744070804083,0.9342057789607866,0.704492049365419,1.1332830498390725,0.6197869198279742,1.0119977890405676
1.3574044154646387,0.5252008589788809,0.9943216960902919,1.006964681368976,1.0799532278109512,1.1507614501914216,0.9935698733296524,1.0002614718765137,0.754785054932796,1.161447734860035,0.0,0.5679719521457902,0.9488309906533636,0.7040400987905825,0.7329739193598132,0.9607289362716597,1.2078695537463349,1.2422163929044003,0.4809739095143366,0.5645912460604177,0.9846361577375426,1.11335128089389,0.7906343090433124,0.7360795296790296,0.8690482641840556,0.6745466241589917,1.1483977710501494,1.3427992557061699,0.7917133373068356,0.6200881819406987,1.0933719503255506,1.156288807212057,1.2579420615871493,0.5428134352672109,0.9737310305341687,0.5653032685933598,0.9086570520094731,1.1361465475198713,1.1385642386735644,1.0575358214520194,0.9176525059318356,1.0377321783814848,0.8915847764468334,0.8198969512705292,1.019017262529085,1.4132316900941482,0.9296810851713357,0.9523957051816756,1.0466792008703671,1.2054959871955573,1.0760123805450346,1.0311477441212182,0.8548044719269525,1.3562813336927135,1.1795697707104866,1.4205189902531414,1.0695709442185186,0.944468957768558,0.39288135188326473,0.9083694788754697,0.7556877120881592,1.1081383898796557,0.7802903252371977,0.8601394040259106,1.1806326650902437,1.0712929140717073,1.1824248357601608,1.3229906660630681,0.8753416839219589
1.1894049445788955,0.7399112808939603,1.0698511111205535,0.9444766086137102,0.7735369546412344,0.7597735258141599,0.626773897397383,0.8830230035104665,0.4165969970124953,0.9006442419396619,0.5679719521457902,0.0,0.7097926402062164,0.31756663961981724,0.884184262528158,0.9246878134041367,1.1740908619400463,0.9109795957925637,0.5041413445674131,0.46941803230992996,0.9348214475273071,0.7874275469247534,0.9773734710290227,0.6745500240149287,0.681235920203898,0.5592959625904205,0.9883363115618343,0.9551277086415261,0.6500433348270995,0.7016885100757586,1.0480729630481036,1.0887634691508377,1.0609493583581262,0.7481676791449547,0.8455493689929316,0.38322293589021494,0.6988304584389552,0.7718690245350258,0.8783023071894996,0.6584448494502078,0.9377817368847646,0.5825340870948769,0.917380162411314,0.9772367261131611,1.022248987862097,1.1703751667856308,0.9615157616993796,0.8903541199116015,0.9357653305578819,0.9293174379555025,0.6230370096088034,0.972297253234811,0.7680794240121082,1.3228889419795322,0.8135307216027015,1.1983869062822945,0.9586516783774787,0.9795430301701349,0.3443431685581564,0.7947055184708053,0.9179665620058929,0.677332494003827,0.8664512142748305,0.8267370461592368,0.8961173541426597,1.04715958951596,0.9618305676394103,1.1990879800246061,0.8229622042692911
0.894962558659862,0.8272509751355941,0.7959722080545867,0.7567701720292687,0.8796685286477006,0.4785964695255271,0.5121181526118543,0.6743814480681132,0.5697449598903522,0.6567813185287664,0.9488309906533636,0.7097926402062164,0.0,0.5981810728378133,0.6907440672513044,0.48773772312909147,0.7496224386305639,0.5508383441311646,0.7663293745728831,0.591320715023488,0.5684234876278859,0.7205701306506217,0.7577427534734109,0.6706593296256756,0.806119734632453,0.6096103027044338,0.681778103476129,0.6214682405472459,0.9096459013213558,0.6848907457574194,0.65331623209284,0.5086815296584941,0.6455571825568159,0.7633102636555921,0.6675525615769173,0.8867262507219298,0.6936974164568168,0.5538375406738403,0.5529862472804048,0.7742345913542301,0.6502006732434882,0.5029515386473595,0.6045451189196954,0.6884808633804201,0.6821318003357905,0.5479538501175223,0.8817237720263167,0.63836410811023,0.7059746367486639,0.6463722149884623,0.49669993261728385,0.6527173727667266,0.7692233173341683,0.8323795949703809,0.3286716987491422,0.7214970708615049,0.4232943222328869,0.6614501437361041,0.7705777164627985,0.40999484761876515,0.7225532542524751,0.5018250910151206,0.8232619179633028,0.6877950895557168,0.6490836776692648,0.7571306296515088,0.7847796280316156,0.7632027049975266,0.6619489812478415
1.2177391137242934,0.8808606706591671,1.1149253402158303,0.713922933213652,0.9744895015373343,0.6117970041806196,0.5537668478777998,0.9740226939194234,0.35238637625623404,0.8422791254792262,0.7040400987905825,0.31756663961981724,0.5981810728378133,0.0,0.7483242289803458,0.718413825583277,1.2177751691177097,0.6650489740140056,0.4707732726539137,0.6346088948790763,0.7206561020970406,0.9249390878002303,1.0324108264833811,0.7677981875685086,0.5714693279063193,0.5803622795735718,1.012322915164193,0.7129574854381169,0.8996830225586633,0.648723806334374,0.8327692470640045,0.9348638153927006,0.9730267917166727,0.6937447389973211,0.8820516571307693,0.5346688415231604,0.6370898061489838,0.8366868207096781,0.5997435869537096,0.7436239463295268,0.8770313326785607,0.5284358250689666,0.7851516687868345,0.9393152926895926,0.951420871391454,1.085873166485186,1.0957111508973654,0.6850478078186,0.9944306763908536,1.009395499575361,0.5738121714765164,1.061264994343303,0.524828944179388,1.2946231835240534,0.6875558236409469,1.0119059612436825,0.851572464518402,0.7859722616282984,0.3435177241576579,0.7664677848540007,1.0009111736641438,0.6089386989955857,0.8111966885925519,0.8348125393463608,0.9397604310792123,0.8981910834281769,1.0800203442854275,1.1596562870220113,0.8919513619851623
1.318344808858328,0.7321448214330136,0.9949200969121894,0.6890896642373951,1.3509764353966982,0.9118684371977649,1.0081682816218325,0.9808628635682197,0.7918642840460443,1.1390966646389535,0.7329739193598132,0.884184262528158,0.6907440672513044,0.7483242289803458,0.0,0.38965517814688955,1.1158507050381445,0.8574831172480342,0.6691082443064992,0.8313876871362017,0.4187568670721271,1.2519275652693063,0.7227248725573192,0.7848178090660008,0.8505514927823158,0.6367763525445569,1.0941258838943264,1.0515263436457265,1.2229504450844912,0.5616174884428384,0.4399188698232963,0.5764431983844266,0.8941478324631396,0.4642422310594023,1.0037722134294913,0.932763852321088,0.8714327116769359,1.1651411693415032,0.7814948189581926,1.27337237423158,0.7807044307448139,0.9825555506557386,0.6015135289518527,0.42021525931008225,0.8595645331383531,1.1470462494004667,1.1498795071688355,0.6633894930529926,0.9863982788233091,1.246020893176647,1.075223791884588,1.0000938470333696,0.6005612754812654,1.0948538263519754,0.9315116397994204,1.1170991485468225,0.8010389459872683,0.5022688425691854,0.6578990850797402,0.644260891301984,0.7729459205619452,1.0893932452487616,0.6598891760447071,0.6826652646421376,1.164777802291379,0.8010909688163776,1.2325851539331647,1.1601224025876644,0.898150047538951
1.222513494021222,0.9492685160177646,0.9125442776392624,0.4784478737336106,1.3172596587314684,0.7515405885085904,0.8040555327506904,1.0150038819225975,0.7280113718880026,0.8890938532768132,0.9607289362716597,0.9246878134041367,0.48773772312909147,0.718413825583277,0.38965517814688955,0.0,0.9917839766820051,0.6214432208570189,0.7734790271688712,0.869290853782273,0.20756004775148265,1.1832043771543408,0.847767211012134,0.9116073316186474,0.8861057087495496,0.7378319112907609,1.0143652553095992,0.7800104513437858,1.2369741002690904,0.5838675159599446,0.38322732923481645,0.4091658769879909,0.7931413944041583,0.5883684368077055,0.8711619935336548,1.0084859449059063,0.874493779765006,1.0157804910857935,0.4747756142523748,1.1303887662033743,0.619138529178888,0.8524421434821305,0.49282454285584976,0.618160343166842,0.6626572285664005,0.8606812980514097,1.1107843306789171,0.4479683010906594,1.0164634339907532,1.0932912190307411,0.875120067927152,0.9651201901261081,0.6093923300230334,0.9248151003778734,0.7031587575097104,0.7763219904595235,0.5331962772914849,0.35476696607732405,0.7851495339012488,0.6264192730205193,0.8635520665997326,0.880160617191855,0.6885185370498913,0.8314662270871922,1.0730149446639303,0.5709240714035732,1.2083870241343433,0.9153188050001311,0.9341221986490994
0.9904115123763614,0.950800118215081,0.3964632326096762,1.2093666092508586,0.9724484279343798,1.131627679478304,0.9435941709922175,0.8279251171994765,1.0656747448286423,0.8367018586446475,1.2078695537463349,1.1740908619400463,0.7496224386305639,1.2177751691177097,1.1158507050381445,0.9917839766820051,0.0,1.242291970931155,1.2314244814697357,0.7923692601257023,1.0766464200348596,0.8707628021750843,0.7458354198699817,1.0033101772670407,1.4095830301006267,1.0309787485611885,0.8554369240554262,1.3016571368254382,0.9027529995117222,0.9557271287444483,1.2275369101736977,0.9140270793837362,1.0131601683907843,1.0390297552118821,0.6066868345315821,1.236176507894872,1.2489210949315162,0.7291545626090865,1.1858775192769027,1.0113313565564552,0.6854563233639775,1.059334117242602,0.9633013406239033,0.9260877919873008,0.6788543655217034,0.6622127091240703,0.528196108022322,1.0909912947130331,0.9280068019827128,0.5666227837335212,0.9590093572891151,0.3954881063121836,1.4046664792750816,0.4890741745228233,0.9263993291720093,1.0655319533158423,0.6329430911099849,1.09238464258627,1.2501674656967512,0.7703544028658434,0.6229576049275,0.9866405832081118,1.042148526801791,1.0856187097007544,0.9202926712172942,0.9669745699096859,0.8709324892293832,0.5303219772000365,0.8638035912970544
1.3209780518927263,1.2009953273348342,1.2846193209705226,0.7852758091041269,1.2708583560117264,0.3177433574129124,0.7841357864388981,1.082157073258809,0.66371156946285,0.9752576108350657,1.2422163929044003,0.9109795957925637,0.5508383441311646,0.6650489740140056,0.8574831172480342,0.6214432208570189,1.242291970931155,0.0,1.0125476713912962,1.0434815064278218,0.5703880428479715,1.1106837315028772,1.233885051056962,1.0148694009372867,0.9327360764664798,0.7737667642038398,1.13333825902795,0.4435412625327077,1.3401494771436553,0.9152561289326412,0.6217590892577115,0.6435023447514576,0.6373347568665276,0.991733443646883,1.0177695593990281,1.034299656519032,0.9204035473199846,0.8899423690578334,0.4130039396470886,1.0755478652116814,1.0186727487051765,0.5372530328736844,0.9464766495607049,1.0033522882114856,1.0639818572110804,0.8905894310411253,1.3875323309511842,0.8231141755607221,1.101893217174338,1.0864186140714431,0.6832566901769089,1.1285759259606984,0.7816313684872171,1.1547959240006997,0.41067479692741604,0.8861038113150307,0.8437957462103268,0.8685624381113575,0.9294561305654577,0.7187011836790131,1.2271805432358305,0.7365284429456562,0.9712845547504574,0.9272136899255534,1.0325913304882242,0.9270362523440208,1.1805624999666509,1.0958754568171085,1.1238520712155253
1.128622488941364,0.777056714706884,1.0466186717384784,0.7983303501019532,1.0446221145904604,0.9829751302939873,0.7425774434225885,0.9857285511736459,0.7117951143584403,0.9551731036311617,0.4809739095143366,0.5041413445674131,0.7663293745728831,0.4707732726539137,0.6691082443064992,0.7734790271688712,1.2314244814697357,1.0125476713912962,0.0,0.5787755907118695,0.855872920770119,1.0327320718094564,0.8347867839116436,0.7301332511134042,0.45610989532275875,0.7713118895717564,0.9362532488776488,0.9865350107080462,0.8825698109108909,0.6987921020269556,0.8933254400304059,1.041780390449088,1.2394779819322908,0.6463403981681343,1.0309736160976397,0.7270218043669067,0.5456514634665318,1.071943936101424,0.8528173039394282,0.9020601099407503,0.8675117789621106,0.9221622660732172,0.5959287088306474,0.8452044133356827,0.9203713923963568,1.2102826723135183,1.0228482330117956,0.6406269897559432,0.953033516655869,1.1368173947294729,0.8908635302267472,1.1070031479647242,0.46572825047062294,1.4016755831488528,0.9987451981868009,1.08861130095549,0.87428737703204,0.6605988520183584,0.3476418432700456,0.9047766506321553,0.8381979972095621,0.8400575143899099,0.9192416745095795,0.8446722143370716,0.9878767880871447,0.9745937088265442,1.1399146795602904,1.2854257688244692,0.7518359426617613
0.8894188902602713,0.5041193804938319,0.7094126701329261,1.0124453032541807,0.5823862480501855,0.87767214310723,0.6368715060551055,0.5946454215908775,0.6363590388558958,0.7947192449125897,0.5645912460604177,0.46941803230992996,0.591320715023488,0.6346088948790763,0.8313876871362017,0.869290853782273,0.7923692601257023,1.0434815064278218,0.5787755907118695,0.0,0.9445683567256034,0.5804071958991633,0.5917389557091958,0.49404290060082745,0.7993342855788528,0.6128060283214696,0.6822954051944478,1.0657240841528417,0.41124111362740107,0.6850319439780149,1.037732995417137,0.9634845614816971,1.0244999634504883,0.7222228092512346,0.683804972115074,0.6608825292289173,0.6952912968176641,0.6398030044307041,0.9856349020795868,0.6537415330732746,0.7440550860339744,0.7291638865233849,0.7473736418041816,0.7606881287247129,0.8049152869613887,0.9481361295359904,0.581489882383299,0.8651455125415676,0.6606352051577007,0.6582325229563214,0.6876364192658134,0.6074612018682425,0.9137911272322143,1.0633690913404112,0.812579745551884,1.1087916122352444,0.7379219797499148,0.8960320980432611,0.5962257621190443,0.6408102181253355,0.4959611663039069,0.6925776725466078,0.8747632147506041,0.7120474656616388,0.6781957431946992,0.9910907710634212,0.69374005879723,0.9823753295413034,0.4886071414221381
1.3853179433169867,0.9800790602794007,1.001964840690601,0.48100829705876574,1.389468063872062,0.7163034778641658,0.8780740015629614,1.092829511255368,0.6725051682496638,0.9780963375205808,0.9846361577375426,0.9348214475273071,0.5684234876278859,0.7206561020970406,0.4187568670721271,0.20756004775148265,1.0766464200348596,0.5703880428479715,0.855872920770119,0.9445683567256034,0.0,1.258942167086413,0.9665130242596417,0.9751120055696334,0.9832170056528295,0.679676094321548,1.1683576553791253,0.8332767945099988,1.2977481152080308,0.5467097004355637,0.41553012297067243,0.43865839120686145,0.7156346956731667,0.5665098245169915,0.8720976093315636,0.9552343767115329,0.9939745161182412,1.0489263620094451,0.48207115417453644,1.1924369977865898,0.6917043114390697,0.8233386230927677,0.6852239945126585,0.6819888368778901,0.7652735690218067,0.9729465300433502,1.1944143926923119,0.5802297866083911,1.123200590411879,1.1694389798972886,0.9028319433302401,1.021376200999313,0.6769000907768584,0.9340134006441947,0.7154431721082718,0.9108403723860837,0.6783067895644492,0.5301328474589704,0.7829455142319126,0.6332523626123142,0.9700794269570708,0.9548693843754624,0.5862523253244056,0.8689927254542658,1.187981394892608,0.5783886800614003,1.2880566553924009,0.9533098906310132,1.0673197373448156
0.6956564324451573,0.9049948387908584,1.014269216767207,1.3814087786302764,0.22871475931138963,0.8582477726042206,0.7544377125120325,0.5214062647610858,0.9142591014342797,0.9084743384062716,1.11335128089389,0.7874275469247534,0.7205701306506217,0.9249390878002303,1.2519275652693063,1.1832043771543408,0.8707628021750843,1.1106837315028772,1.0327320718094564,0.5804071958991633,1.258942167086413,0.0,0.9218870768834206,0.6710181461777627,1.0161673280633867,0.9053157987955913,0.5745898477525414,1.0543401410444482,0.6001828474668608,1.1557070597457235,1.279958837198841,1.1342414108192997,1.05396901237424,1.2347165680396355,0.916584135133515,1.03706253021349,0.8258347644590388,0.42331090435183666,1.1837626165264095,0.6550856822253192,1.1164708031948705,0.7114693847042436,1.0946335512312326,1.0918221927074776,1.1356604778644173,0.8365772624933674,0.850794086083953,1.2135199771284233,0.5896652701495505,0.4108671902901035,0.6654335079537527,0.6580277021686314,1.2509270482269887,1.1939896204092852,0.7526904616609428,1.1918311405618405,0.9399063011675705,1.262012070391902,1.055492833345246,0.7961351212738657,0.8440368208035551,0.6393631695297177,1.3048462523175075,0.875185111761259,0.3588143962544894,1.3443128463518765,0.33115533105506073,1.102298507985867,0.6027010255034174
0.8893539708178062,0.48687139575939764,0.7181815359455999,1.1685384616955994,0.9941146631113604,1.1317975847286406,1.054289054579317,0.5796704451817003,1.0462868396393634,1.123121378328845,0.7906343090433124,0.9773734710290227,0.7577427534734109,1.0324108264833811,0.7227248725573192,0.847767211012134,0.7458354198699817,1.233885051056962,0.8347867839116436,0.5917389557091958,0.9665130242596417,0.9218870768834206,0.0,0.5545093587649551,1.0011600584916,0.8247104261331489,0.6981003789738952,1.302646687620376,0.90506218286194,0.8713256655918068,0.936323045479477,0.826936705798409,1.0670619849268048,0.8288784582384294,0.9689253511927491,1.112793839589314,0.8665641215316755,1.005307486580622,1.1931337920711629,1.1749223161780227,0.8496540201661437,1.113732064653563,0.7053115781478034,0.4328060790477301,0.8813804388590689,1.0148905299099644,0.773596239259392,0.9823805964842476,0.5860495340793234,0.9370012170091102,1.1266574617240457,0.6036759690124229,1.0509770088251993,1.0088835519296877,1.0447694840670756,1.2312063125944683,0.7936492610875217,0.8541373712061502,0.9390050775048926,0.6571482578696063,0.17309234814521468,1.0945949720237742,1.0179728951411304,0.6303454901163672,0.849435945409453,1.111962364241064,0.8151259876813801,1.1042418448487121,0.45631483395508493
0.8930022359853659,0.42847583169314657,1.0441767837178297,1.2185541420926838,0.7486666417697962,0.8224625940224175,0.9522080284599773,0.34040923792288513,0.8361817972967068,1.1620856265317843,0.7360795296790296,0.6745500240149287,0.6706593296256756,0.7677981875685086,0.7848178090660008,0.9116073316186474,1.0033101772670407,1.0148694009372867,0.7301332511134042,0.49404290060082745,0.9751120055696334,0.6710181461777627,0.5545093587649551,0.0,0.7416580566430085,0.5612709194794259,0.678730747127646,1.1012045491909106,0.8147564442358247,0.9270042375771399,0.8856335127831851,0.8620591427384113,0.8953877227321178,0.9163475288675327,1.0312561808206557,0.892795574718897,0.6051098295860067,0.8255086337513937,1.107051697464286,1.032774942303767,1.0706186780131293,0.7945175977127683,0.882928564522892,0.5810585600306075,1.1309882361687096,1.0715422146773748,0.991073851470974,1.0695649620203729,0.37103941833352627,0.8867894199784468,0.9272515954159738,0.6915396342652369,0.923535355688387,1.22347104617327,0.8367766102968751,1.3060330155358204,0.959257032679993,0.9984794528641142,0.7480595619160035,0.527259410681554,0.5783920900099937,0.9152473112645282,1.0669482017329779,0.2851704211683299,0.6372664384566273,1.2639016701176482,0.5732900310419335,1.2757038163012875,0.3995203662080386
1.0119395174101427,0.9984625550425223,1.3311779285226186,1.007932509430865,1.072843055462742,0.9050628373789632,0.8339558545701976,0.9718549188329008,0.8963880847811142,1.1008380105550035,0.8690482641840556,0.681235920203898,0.806119734632453,0.5714693279063193,0.8505514927823158,0.8861057087495496,1.4095830301006267,0.9327360764664798,0.45610989532275875,0.7993342855788528,0.9832170056528295,1.0161673280633867,1.0011600584916,0.7416580566430085,0.0,0.9216134174101787,0.8544363934783693,0.8083497498676359,1.1047679155980894,1.0404355010326538,0.8562226615733065,1.0698349104030518,1.2549229033687173,1.0092142920436153,1.2919390156534347,1.0094565417325778,0.24586856427723683,1.1258552270457514,0.8803926671976363,1.013394524416268,1.1605454667695059,0.9231920680506843,0.7294478848333769,0.9690232377735865,1.1842606899871513,1.202946795357194,1.308611731787078,0.8066823102488746,0.8709518725064239,1.2066324359140685,0.9319854228178206,1.2493639415548161,0.4460656221652376,1.5946577411358827,0.9543636243971405,1.0892618984589295,1.0048477811778038,0.7966967014961583,0.6621306571005667,0.9783547805804049,1.046488406393631,0.8174003856410113,1.239241034354138,0.8158028083725226,0.8632488108286113,1.2374087866231922,1.0919646465164103,1.4860343714430617,0.7498883298767506
1.2988442223612056,0.5287335135663139,1.0127355315020956,0.9508570353865463,0.9815155877144808,0.6164612107373769,0.8850147110741843,0.7348207845881923,0.4545079393768785,1.0893065671783675,0.6745466241589917,0.5592959625904205,0.6096103027044338,0.5803622795735718,0.6367763525445569,0.7378319112907609,1.0309787485611885,0.7737667642038398,0.7713118895717564,0.6128060283214696,0.679676094321548,0.9053157987955913,0.8247104261331489,0.5612709194794259,0.9216134174101787,0.0,1.0631995952740831,1.0384127349436758,0.9069535802910577,0.5831556687865005,0.7862872679859626,0.7388317291536827,0.6219346390794368,0.621390824792259,0.7828741405947868,0.547361407558635,0.8925677217803197,0.7869595319462473,0.880277744476995,1.0174041956862991,0.9036755167876044,0.5650712108219048,0.956866528594643,0.6387502026617571,1.0182417266251518,1.1176159659768699,1.024628779741693,0.9717359656970903,0.8508158472386279,0.9687946001129245,0.7983127453384267,0.7586646311646678,0.8735300056270536,1.0388035305967915,0.7025398927134057,1.2851470913559095,0.9320382765791476,0.9576070056472069,0.5559817125733131,0.40373136391803394,0.786864581595238,0.9103022494042166,0.629245867980253,0.5343037173793767,0.979002946531383,0.9848495790061558,0.9203215631621436,1.1006842739332923,0.8516351660984115
0.2398781824282475,0.9547876276388088,0.9628577953931227,1.2865373784119463,0.7051217692884119,1.00136922511039,0.8254735546426397,0.5532175096305172,1.111409720494249,0.922824896245305,1.1483977710501494,0.9883363115618343,0.681778103476129,1.012322915164193,1.0941258838943264,1.0143652553095992,0.8554369240554262,1.13333825902795,0.9362532488776488,0.6822954051944478,1.1683576553791253,0.5745898477525414,0.6981003789738952,0.678730747127646,0.8544363934783693,1.0631995952740831,0.0,0.9906027444641224,0.893195242380311,1.1896585055405622,1.0813856436120064,0.9873818027694595,1.1651310893356963,1.2151686055246929,1.095298521980491,1.2869561825575924,0.6201907379348022,0.7941677854858853,1.123509976608524,0.9059351450082103,1.0458656672093476,0.9841805280464503,0.7716258589924189,0.9177453174026212,1.0137708456323848,0.7098498379870327,0.9235844587336683,1.0140009831913024,0.43001949439763193,0.6723840823402407,0.8894617080327823,0.7669386911001831,1.0818580493047745,1.2161067944615318,0.8576596488531454,0.9688952796607958,0.7541755918526035,0.9834600479543412,1.1165599429775641,0.8393297252822047,0.7047519574945676,0.7446760122083651,1.3785613371231695,0.8290020682002214,0.2998146969491398,1.282814967669315,0.5502577518252395,1.1430541400732919,0.33466668407780475
1.1243639398748968,1.3592869385789201,1.331581056037512,0.8607776796189672,1.206081759521345,0.5617876746453162,0.6430735738414587,1.1460612607179288,0.839425803937035,0.8368321869755804,1.3427992557061699,0.9551277086415261,0.6214682405472459,0.7129574854381169,1.0515263436457265,0.7800104513437858,1.3016571368254382,0.4435412625327077,0.9865350107080462,1.0657240841528417,0.8332767945099988,1.0543401410444482,1.302646687620376,1.1012045491909106,0.8083497498676359,1.0384127349436758,0.9906027444641224,0.0,1.3243097013794056,1.102102422213556,0.8258936997077537,0.8844756402906787,0.9910418815502601,1.173316777228707,1.1390173138950492,1.1908257531883968,0.7802613934224494,0.9176451722958235,0.45746864365744827,0.9392837339701219,1.0790007629060396,0.6837080481510652,0.87822726301091,1.1880932450259059,1.0737035591947364,0.8034309658240497,1.3975579531528493,0.7650844742805551,1.1055530595142569,1.0495179197011093,0.6300675881407922,1.2457044671999304,0.7642817446268769,1.3365713953549423,0.5307985751100519,0.6530022265309293,0.8091057502326094,0.8633324218043742,1.0264275380517567,0.9507883268105257,1.2986473266164873,0.5477795206221572,1.2325130541997575,1.0930154009261277,0.9093557184502269,1.0307979079039942,1.1809423102998229,1.1643872079179154,1.0795399682396816
1.0354418035211266,0.778565576225581,0.8240846454561265,1.2947464531572348,0.46531328554898976,1.1379489601644126,0.7798618689790264,0.8333963641336047,0.845270311616657,0.8790838404545738,0.7917133373068356,0.6500433348270995,0.9096459013213558,0.8996830225586633,1.2229504450844912,1.2369741002690904,0.9027529995117222,1.3401494771436553,0.8825698109108909,0.41124111362740107,1.2977481152080308,0.6001828474668608,0.90506218286194,0.8147564442358247,1.1047679155980894,0.9069535802910577,0.893195242380311,1.3243097013794056,0.0,0.9467451382661268,1.435740474704816,1.3247634708600795,1.299157864583912,1.0139714253049412,0.7590967519653689,0.7697497419821709,1.0023349341501002,0.6940156466638169,1.2751891386667846,0.5839041475174296,0.9546047611733824,0.9143669030676468,1.0892381499011583,1.142379844473554,1.0047376294930757,1.1360080952304035,0.5350406944026903,1.1682553433715008,0.9264177208308318,0.6672329426815993,0.8047507918529628,0.7630267470937897,1.2628422099971781,1.2261830699823462,1.0569708211311717,1.3302317974127573,1.0005408667351807,1.252097551868185,0.8672262449214453,0.9672662016083674,0.7723886357758813,0.8331322126353631,1.1094725012780815,1.0639965067209065,0.8452984485448728,1.2213394460413172,0.8027546380127065,1.0850516100285033,0.7759051407912579
1.412895398622833,0.7556977329984554,0.7403587811589288,0.5597479503532972,1.2039352146958515,0.9147487992333481,0.7878123680231217,1.075933223093802,0.4966235586077293,0.8630377934423049,0.6200881819406987,0.7016885100757586,0.6848907457574194,0.648723806334374,0.5616174884428384,0.5838675159599446,0.9557271287444483,0.9152561289326412,0.6987921020269556,0.6850319439780149,0.5467097004355637,1.1557070597457235,0.8713256655918068,0.9270042375771399,1.0404355010326538,0.5831556687865005,1.1896585055405622,1.102102422213556,0.9467451382661268,0.0,0.8651809309351883,0.8201321462337741,0.942291722946328,0.17776881229108307,0.5800941042174632,0.5875644336694966,1.0565150171512956,0.9597199072235276,0.7507872509954532,0.979949348559218,0.47665415672290656,0.8400467152351048,0.7505227425032653,0.7627785416245091,0.6175662204778101,1.108042236533411,0.8491921170693262,0.6571438559804467,1.155849011562007,1.0587773095986779,0.8494542158436221,0.8996312047683995,0.8223264670564349,0.9080683360738628,0.8921819145035764,1.0846721447157908,0.7279315934196786,0.7039678409811934,0.5406372341578414,0.7127882437850562,0.80200449792291,0.9446319206235685,0.2435047101132853,0.9499928371149999,1.2114478752892541,0.5125798382217188,1.2485668699010783,0.8596091036622389,1.0226772101354917
1.2840334031966718,1.01010442536793,1.218266694987653,0.7873280579314268,1.4336495422696023,0.7534741329036204,1.047440886503596,1.0149221338104122,0.9105172735375254,1.1975178668640454,1.0933719503255506,1.0480729630481036,0.65331623209284,0.8327692470640045,0.4399188698232963,0.38322732923481645,1.2275369101736977,0.6217590892577115,0.8933254400304059,1.037732995417137,0.41553012297067243,1.279958837198841,0.936323045479477,0.8856335127831851,0.8562226615733065,0.7862872679859626,1.0813856436120064,0.8258936997077537,1.435740474704816,0.8651809309351883,0.0,0.40332182177677073,0.7683948396815671,0.8339970674529941,1.173420546412304,1.17123259544506,0.8521429412953648,1.1780528383131328,0.6712421606812065,1.3602431395358334,0.9861808065002263,0.9412811733432052,0.7070837766389818,0.5999671073505368,1.0285184879706142,1.039670266011468,1.388194903599513,0.7437899893604802,0.9842409154537721,1.2813851628399189,1.067606467169781,1.1124546449597916,0.6248570076054435,1.1686229991358164,0.7898773044056056,1.014351428980543,0.8356087468329739,0.5854937185259763,0.9085106792667652,0.66846092842558,1.0052746863183382,1.0563576872710814,0.9386996424669433,0.7102730457996035,1.1155519634431366,0.9452823591182861,1.236652099593756,1.2352491662414902,0.980220848112479
