0.0,1.694078073052263,2.0013082172891234,1.1939661506581711,1.6302863612181853,1.5403541401962404,1.6489750429991337,1.6291970217735352,1.6320943041406273,1.886785102121243,1.9132896381384608,1.8935572969609225,1.662607083669771,2.061977589824135,1.3062281276412957,1.569953067681331,1.538568754753765,1.395052936558807,1.7124940628010843,1.2460896875213088,1.5030082837337242,1.5840214665402845,1.549813017548786,1.448229819996957,1.8915822856598974,1.7965777937627065,1.7456098181578077,1.8774755909030876,1.6521925864987046,1.5272805166265147,1.3291490905015546,1.6912547990107114,1.5764867595409986,1.2822107803688803,1.5782989856405865,2.1761585628100635,1.7024492610093171,1.6891570347332785,0.9164974904999493,1.7000921692237638,1.5715722126583427,1.6082829986774663,1.8013523477513609,1.5641966293870648,1.6101211445906312,1.753335678822383,1.6305045910121678,1.8276747398063007,1.729580222565148,1.783737911439248,1.9209164675745907,1.4856314428520099,1.4668985779876091,1.6339232976237743,1.6569025855171133,1.7330877509117213,1.8558888532073636,1.7384393520291488,1.6848672932618098,1.3814898715327735,1.43192324829246,1.3990201414983106,1.9339432943808046,1.6148611659943997,1.7363267385459382,1.356652290646067,1.6585722170247144,1.351067424680532,1.6138993884733137
1.694078073052263,0.0,1.595276485406621,1.5000813510193702,1.0619654367436795,1.0169363738619326,1.608931016701022,1.1782295003537488,1.1525503780639044,1.237851428830596,1.3540785029631985,1.3472213924502132,1.5391525710018599,1.9492856227507718,1.426940152723391,1.3488849610706253,1.5872424422419802,1.6937514285636648,1.692566530977371,1.5251409454734,1.760773245525641,1.55624515476362,1.675278039739839,1.3281837753037418,1.5973311232250476,1.577316216828402,1.7555365314554687,1.1681415091634197,1.4678145983474602,1.266446109895556,1.457278009319912,1.6954333821453418,1.6419715753780841,1.1742457249775247,1.7849987439132105,1.7586570218014053,1.6986062778540003,1.110563401990573,1.6686039248993196,1.534106855758594,1.94843863968363,1.711081064355469,1.2241180814284858,1.327708554748192,2.0235142515119198,1.4280241181846833,1.1989775380845236,1.981648516368247,1.6626350471018732,1.647086068485312,1.71604060362319,1.7193331708181414,1.6006549565252768,1.533014379719224,1.3430366322861491,1.675011155622378,1.1734665656422658,1.3582788742526075,1.4822307945978288,1.7709572660728192,1.5728130087939272,1.6070967746840537,1.4700672902644336,1.4072895906564722,1.4859720188425896,1.3031923054133225,1.2164476164823386,1.3026315746391375,1.2704419563872813
2.0013082172891234,1.595276485406621,0.0,1.81040298307846,1.320728664255035,1.3546914494079627,1.5962049916933367,1.865774997850876,1.3861888696008124,1.2184449715334822,1.2415107452517316,1.9421543865477375,1.179400166694798,1.7956435628285823,1.5909020173223627,1.6783693778262705,1.090097315793752,1.4155191026746863,1.419969619567785,1.815293649250997,1.5092853421858583,1.8643380736497681,1.6262403137973926,1.5866722615034687,1.5713579594173572,1.1722768737770421,1.2044958474768361,1.4802064936207224,1.3312281242818174,1.1584377819414513,1.518203220376893,1.5404447443170095,1.2692917486462758,1.7723526509029917,1.5891724387175183,1.1070204608371959,1.588246035540053,1.5209055943857035,1.7833692618444124,1.9653719087401564,1.3490711111676288,1.5906663335710491,1.371675780268795,1.6360315178323996,1.71540812310097,1.09809202816857,1.7386220077301509,1.3443331097492734,1.373904304915946,1.4443278741703467,1.4879774506577075,1.5161811327866597,1.3364071867067666,1.2558877633353067,1.8278119400007147,1.48965093269908,1.3063676679133882,1.7135970226017032,1.1786546742141715,1.627329280480876,1.514605372737918,1.5097573244645375,1.276210726628789,1.678569580269677,1.240538327337206,1.346716795680955,1.707947879768918,1.9053373891873877,1.658630032038206
1.1939661506581711,1.5000813510193702,1.81040298307846,0.0,1.5351646406162969,1.3103200554687044,1.7537622094600045,1.7024318097783213,1.2825586119543808,1.3826796100499117,1.6853118556027498,2.0144322329404614,1.4619473743670977,1.6574489242865986,1.1480604240403176,1.5200804250237177,1.4711381825866843,1.539578285502196,1.859009392390872,1.1000129395591862,1.6869741234667268,1.7142000068645038,1.608986551464493,1.328950681663642,1.7210309827095107,1.3950042918306143,1.3844040848729258,1.642756647428781,1.5885522077164882,1.642047392591107,1.2399193518885205,1.3913244766511494,1.7599214233568519,1.29909092501044,1.749348733607733,1.587957628779578,1.4771720598869056,1.631536028578176,1.2180939558518533,1.8579382940902582,1.681588910996301,1.25243095232758,1.589087925158277,1.4378664900095748,1.6520348104740779,1.7251944113249393,1.5485049991282678,1.6946634797042228,1.8506093055632384,1.2212097609536519,1.6061830038683134,1.5727899887083057,1.1833788302384627,1.6562148354741386,0.9877144588334943,1.1127285898667088,1.6737998799057794,1.732175338609645,1.49555515313918,1.6836390708101197,1.4400241952233737,1.3095070920247123,1.61550616499964,1.347111267678527,2.009986800782865,1.2299412023437024,1.3945650524917215,1.8278788720892882,1.3867495913098522
1.6302863612181853,1.0619654367436795,1.320728664255035,1.5351646406162969,0.0,1.1855463136931241,1.5734476135816575,1.464271282177629,1.1109732570945845,1.351652935936974,1.4186890968474684,1.5901838069729237,1.3039734162115029,2.010532655006285,1.0930012444767137,1.4837296384411909,1.355543444052845,1.7546552207282293,1.2363504366358427,1.603393077111503,1.815129214401504,2.0152819939487796,1.6388393845542502,1.3778528738737656,1.4562177468848185,1.4924181899576785,1.6426806726522174,1.42052844128159,1.5763717973141393,1.1710639623372905,1.4212751260485819,1.6665994243709945,1.5935830460295093,1.5858726748724319,1.6511951813716048,1.659770650253419,1.6768359157401234,1.5175330023235178,1.6417555617252508,1.8489066786203923,1.6368713777089978,1.5583988871991135,1.4080385094971855,1.4527609122964578,1.991472704079547,1.3513490045046674,1.5132944649732638,1.9273391357758747,1.6589265885604785,1.5828163232876962,1.7881905211605342,1.6858242865223754,1.4810999482797695,1.7533161430733868,1.5470805971098571,1.852449116564283,1.2222168064225287,1.7562242101149494,1.4296247526359007,1.573582095999815,1.398691015220892,1.756178851659487,1.6524713480500834,1.4682472468142693,1.1508030313988522,0.9125316051567289,1.392294388410453,1.5584590447308828,1.2617663272310842
1.5403541401962404,1.0169363738619326,1.3546914494079627,1.3103200554687044,1.1855463136931241,0.0,1.330899792509729,1.232763606870727,0.8818285610923573,0.9024326804437738,1.027452641216165,1.1546260862593043,0.9515317343691992,1.396443727415545,1.4460385366851642,1.4697796676368926,1.2861245355139903,1.458020458728526,1.4666010140718715,1.2482164111288823,1.4276937615788445,1.586005776258876,1.3188461372978293,1.3597014972510473,1.4032888535238268,1.28066564873673,1.3491874119006007,1.112310060487937,1.3331895368601223,1.1108677820841895,1.1757450563852052,1.0770497022329175,1.4338005427073262,1.1730514346078826,1.6305902063649091,1.2958850820264078,1.4506245395826542,1.452924868046874,1.4041827289135134,1.3997743365384383,1.799975120188532,1.2321385350130134,1.2843744488825324,1.2385676668931789,1.7720352943695596,1.1095802055526423,1.3425255320866303,1.8784974482326144,1.60731950906591,1.300644762679336,1.04570793517124,1.4971598671554045,1.3512829106690467,1.3759118917800794,1.11164405804827,1.4744080313728478,1.2349009961581154,1.1739352223606563,1.1507822123792586,1.5341437279730075,1.3172545087257337,1.4051170595097937,1.2151621779590762,1.2643471998310407,1.2781863030949312,1.009042625105333,1.1780521726201243,1.3795382258983773,1.0021402127875234
1.6489750429991337,1.608931016701022,1.5962049916933367,1.7537622094600045,1.5734476135816575,1.330899792509729,0.0,1.5694538493966133,1.169947087775611,1.9002912580074123,1.3446978946131367,1.5113130006422104,1.6452900619195039,1.8279971502461287,1.476632226517818,1.5273404679899496,1.4843516700979327,1.1701123307013928,1.325534925250907,1.3256033908762166,1.5708850327462325,1.8766170115824714,1.0699850931046402,1.6256821827895356,1.9792163505141953,1.9375851278421812,1.7332387626902641,1.6739630037064874,1.1798465530032085,1.3779744699258132,1.3851533602310886,1.4701558708841478,1.8436930342238853,1.5685495073463454,1.4092674584117417,1.8136699838283439,1.3318051128614146,1.6660204092803752,1.73573139748648,1.264484332866785,1.5354990413019318,1.2494171737570847,1.905876665231682,1.6471963561156375,1.727086913385452,1.4862596664932681,1.5495804604040786,1.959613152596661,1.744021043247133,1.7121840981039915,1.5927167992674003,1.8485096580587244,1.8364009040735008,1.4867415810852556,1.5450823110628322,1.5851774175973052,1.374224079288972,1.8081580107242508,1.6124673775302982,1.4224254808073364,1.2478579873951121,1.5325534473682867,1.5610166530280607,1.4054767451904637,1.3300081524413134,1.4664078593275565,1.2407944054771838,1.4122641223222743,1.6985225788695237
1.6291970217735352,1.1782295003537488,1.865774997850876,1.7024318097783213,1.464271282177629,1.232763606870727,1.5694538493966133,0.0,1.5037505272356173,1.8183570314145232,1.5583242556178996,1.1515296251056701,1.8663557089996448,1.7902121708502066,1.5805492280328655,2.0512249599272145,1.5116638717170097,1.5264278760489045,1.6863405640408125,1.461844434397432,1.5513059891798477,1.85903205149144,1.6442583303060863,1.7530703153725429,1.7355554057175955,1.8596100692177322,2.095648268654044,1.0310127725349671,1.706164268687687,1.6416464374902966,1.7861932736699326,1.7308616823375154,1.720615850195274,1.5481064539579665,1.744091082985933,2.022598053921115,1.7418611863494502,1.6623114514662605,1.6496603553182148,1.2005739020296424,1.9663768921191014,1.5994255821897756,1.6026794988400208,1.610324435321026,2.1227176516309956,1.4378081588234404,1.447534213210346,2.146714765748982,1.648187869761123,1.8141737276128027,2.01132696867197,1.961857428445163,1.8417131617705322,1.6287116092773286,1.5271809842457544,1.9442653248541857,1.240249136528201,1.5520896874701424,1.8999031875176935,1.99283096500801,1.6436180813415289,1.954329300158893,1.735912048327932,1.3485738812667085,1.4886278492026113,1.3957140943826267,1.2299073769018598,1.5410397178743915,1.5829749122585504
1.6320943041406273,1.1525503780639044,1.3861888696008124,1.2825586119543808,1.1109732570945845,0.8818285610923573,1.169947087775611,1.5037505272356173,0.0,1.3229891064399917,1.3275942489099768,1.3614160820714132,1.2206595367737962,1.6866428011684955,1.186415615011084,1.5581525600259176,1.2934133444359723,1.6520638472010176,1.4377354016830992,1.2525815659845283,1.6129237522469904,1.7233215937032906,1.5904159854580417,1.4461154972952412,1.3557946576309503,1.5178759717609633,1.3280982134866173,1.511391292805361,1.37890184578574,1.1490874318969302,1.275645931445207,1.4485497766200108,1.7305541006059133,1.4031836130855189,1.6349356668990727,1.4152359487877462,1.459167640937779,1.4166075090193901,1.6439181028740897,1.71084555696511,1.6354084612989706,1.1116300562969244,1.6640185979670516,1.083989556087051,1.644466555060001,1.3973971371030223,1.5958440634729614,1.7683036521074378,1.8879040109743446,1.2911346462991904,1.0960988943138594,1.8175275185234367,1.4045935348582712,1.6334130830628641,1.1705101014572674,1.4877323118997883,1.2806063956065656,1.6044268456975048,1.3569313844467967,1.6734163949295353,1.5237159293813691,1.310686793975256,1.4216996194080274,1.3455875981072938,1.4506359278936334,1.0751298281990966,1.355661564187368,1.439069103508711,1.237052137479493
1.886785102121243,1.237851428830596,1.2184449715334822,1.3826796100499117,1.351652935936974,0.9024326804437738,1.9002912580074123,1.8183570314145232,1.3229891064399917,0.0,1.224241176533371,1.7420428260228429,0.8537568480088357,1.6026567218332497,1.6141872078333126,1.4564073936122965,1.4029138662132132,1.720534396411737,1.6932230873991483,1.6558841239819257,1.621284790825712,1.6481315428417171,1.670929998580728,1.2776720584993324,1.4151020714054496,1.0004892592249826,1.191740582687612,1.2549535381157737,1.4284680735449649,1.310536555525924,1.3256742140057967,1.2242983626461452,1.4780965772773655,1.382152919948685,1.7573581426961904,1.1471317296603798,1.6476370868658692,1.4569596862843837,1.640920344030611,1.9205311926356277,1.8721861032890417,1.6689102611293574,1.0491056942541195,1.5085494815005522,1.9182839040346955,1.2644026077357713,1.50965208333741,1.6980539341615464,1.6339651705600773,1.2416225879772915,1.2453870566109004,1.4146170850930122,1.3131933465466807,1.447468095259985,1.342258855421427,1.3942736876343866,1.4659483355204568,1.4611964156897712,0.9367759163131114,1.7405592862895936,1.4763258245958728,1.5149890525697673,1.1232262974908462,1.5939679793787098,1.6086812586451578,1.3065658960974909,1.5846748733563052,1.8776775950803122,1.0760257643164546
1.9132896381384608,1.3540785029631985,1.2415107452517316,1.6853118556027498,1.4186890968474684,1.027452641216165,1.3446978946131367,1.5583242556178996,1.3275942489099768,1.224241176533371,0.0,1.6026075107116895,1.1944847105389675,1.6266615687432888,1.6048253969484705,1.590120528367467,1.4357442251695478,1.2988239646627346,1.6955982712179642,1.8004383006805993,1.7014571954917161,1.8924315400871308,1.1498904083860626,1.1790003539286011,1.7070162181486894,1.4609668274157417,1.2645630586964278,1.2467825956632201,1.3750134295839687,1.4278842545730308,1.5747650663126818,1.0129645103213465,1.6492581626775538,1.4183588848027586,1.4485741995081358,1.2331171436612018,1.6906352978784074,1.8008812419940436,1.4848150415826444,1.600047739333067,1.7371615491075523,1.4402921595361402,1.287641142839991,1.7857994428155386,2.074595170488194,1.2120424411560027,1.3457066022236228,1.9726569097678204,1.3600366530732086,1.467571351295584,1.513718909609199,1.8138782430744675,1.6329593977713581,1.4175462134361931,1.650202985666459,1.3187362135175267,1.4381981010818363,1.1239566538661698,1.5052209468816264,1.5350872131045237,1.4750587611259935,1.7578439291270131,1.1362074172747934,1.2099947746786932,1.36045114548578,1.1025510207972193,1.1575421696669268,1.8172963687997898,1.4786657975576902
1.8935572969609225,1.3472213924502132,1.9421543865477375,2.0144322329404614,1.5901838069729237,1.1546260862593043,1.5113130006422104,1.1515296251056701,1.3614160820714132,1.7420428260228429,1.6026075107116895,0.0,1.6200760477094713,1.933462887630374,1.711611012776865,2.088666251324888,1.6115220120122107,1.8852586807811733,1.5440603692032349,1.6344398906329987,1.4909999485270213,1.7857480567092903,1.7721032566776747,1.7413497876694821,1.4345872149677101,2.0554698692183253,2.1324890131868726,1.336826834102326,1.7671017422755242,1.527145303999979,1.7743970527364437,1.6687805747719682,1.9893794420579254,1.6723674888199846,1.5568384370938004,2.1929518128107173,1.9346314762908985,1.7274998953561826,1.9440375019558431,1.484338343406335,2.022520165442053,1.8200994725777062,1.791842311337663,1.5861528016717323,2.179926763961254,1.4593745913040477,1.7163587183726923,2.2173644901200924,2.059176609251133,1.847166556272597,1.6719130776629567,2.221723791101052,2.0824546326629743,1.832639883552409,1.5820538219234273,2.241070593994236,1.4751382686243393,1.8445896597088856,1.7160739369362896,2.15959445794877,1.6523737469335613,1.9825083936520587,1.5615823526992794,1.5162573172493816,1.2413961786363599,1.6276774804240044,1.6507047988536798,1.4473682457458852,1.3433067286980775
1.662607083669771,1.5391525710018599,1.179400166694798,1.4619473743670977,1.3039734162115029,0.9515317343691992,1.6452900619195039,1.8663557089996448,1.2206595367737962,0.8537568480088357,1.1944847105389675,1.6200760477094713,0.0,1.373491534888493,1.3248572158271477,1.5086824411074122,1.1015075269927583,1.6067752072019366,1.5294031410702948,1.5845293856723874,1.5601191273754977,1.5918516695438716,1.4816114210208053,1.3013165684971646,1.323353544312917,1.1183475731091608,1.1750468315892049,1.4222843363670572,1.3890250913920374,1.2827318665168175,1.2231296762121235,0.8936891597651437,1.29776836815874,1.47819159317876,1.4204795230360323,1.3003191023546041,1.4450157842489555,1.716468610368743,1.315679922531672,1.9444145113603644,1.5760454698762956,1.3645399653335017,1.270671651608772,1.3656787952015204,1.6370739111379875,1.081549789176506,1.6198186627515174,1.5870371054412185,1.548031289709715,1.0355248133519972,1.0480284185423856,1.5113875570983764,1.0821175239278245,1.398287500056266,1.5529281538748805,1.535406132767912,1.6179626966229022,1.5317149999815476,0.8237937841234768,1.4247643674858808,1.3266472952409394,1.3946666503226757,1.1756398604826495,1.4442707928960075,1.3271526944042242,1.1469995918062548,1.519362701958941,1.8275260318633575,0.9217212789317039
2.061977589824135,1.9492856227507718,1.7956435628285823,1.6574489242865986,2.010532655006285,1.396443727415545,1.8279971502461287,1.7902121708502066,1.6866428011684955,1.6026567218332497,1.6266615687432888,1.933462887630374,1.373491534888493,0.0,1.7017184854365928,2.0061366286553457,1.5577402484403415,1.6216307608434055,2.079576440582348,1.6863070469572905,1.9694997717803577,1.7931553339083315,1.6614595727839094,2.0886568836251875,1.9623514908715527,1.4865185655816777,1.9042867031926416,1.345330850679791,1.661675557307361,2.1275988573727864,1.5857164221743716,1.0136328125782355,1.5209670880392276,1.9417543578055616,1.9230000454080314,1.5564564996628467,1.1477877451105902,2.0611468024408675,1.616796864375818,1.8900486415062867,2.0296476045910974,1.0896738680948912,1.674884220924388,1.5268089188718248,1.8724745125784334,1.3274274326801865,1.7122639562626802,1.8392255129341695,1.825752677338116,1.2918900164829048,1.6169063517388902,1.859581226732612,1.2781007329134808,1.4802755410457118,1.621150810003915,1.547343800713535,1.7843039641204874,1.8057351188945991,1.5773740928286588,1.899784473321137,1.6047647397931488,1.7449586397661658,1.506140460424479,1.476562807018778,1.9733640027304062,1.6410457346500313,1.357321518584296,2.3050449339496644,1.3841302641497817
1.3062281276412957,1.426940152723391,1.5909020173223627,1.1480604240403176,1.0930012444767137,1.4460385366851642,1.476632226517818,1.5805492280328655,1.186415615011084,1.6141872078333126,1.6048253969484705,1.711611012776865,1.3248572158271477,1.7017184854365928,0.0,1.5405893661356476,1.145729848395692,1.564109233492671,1.398913039930824,1.3353365482136235,1.662769700174856,1.609177386500614,1.4473394387243723,1.3270222755882408,1.3426079302945657,1.5389793256216469,1.654153553579222,1.4892068924114759,1.521724608975206,1.4206184923833516,1.3116938675393492,1.3731283785613002,1.694217644165666,1.4766433928625589,1.274784265856533,1.8827524126011244,1.3871200686434717,1.5848830459950556,1.2916515562554653,1.91445413380762,1.2218032532833134,1.3126286743788946,1.5231607961687499,1.1703421377326022,1.7261281729582394,1.324592286970386,1.633964076716083,1.465712692644097,1.6315095168613176,1.1816434885353944,1.7063910380962726,1.7507287156114049,1.1568163856836386,1.6955596152848171,1.373644170719434,1.581661555863591,1.4656377080845566,1.940712505118457,1.3555268324629988,1.6200913922255324,1.2445881570417963,1.3417726580340286,1.4499254325611926,1.0164864913546883,1.471316888751393,1.1051109224968076,1.277843871377191,1.7802350756238792,1.299558441383784
1.569953067681331,1.3488849610706253,1.6783693778262705,1.5200804250237177,1.4837296384411909,1.4697796676368926,1.5273404679899496,2.0512249599272145,1.5581525600259176,1.4564073936122965,1.590120528367467,2.088666251324888,1.5086824411074122,2.0061366286553457,1.5405893661356476,0.0,1.8699573346537797,1.4891060608786422,1.74989439371863,1.659162365541639,2.0237611588095024,1.6034368431093853,1.4028399243692202,1.3994255679993077,2.1537137133800797,1.676664703972034,1.682333937378769,1.8080762876256073,1.303821701834227,1.530653289278425,0.9455181980033348,1.6091576916243508,1.5655707096826053,1.4405475302117303,1.8108341980101177,1.7791891460057074,1.4583612999963993,1.3286930080023631,1.5686732953496574,1.7465216601487048,1.8298039319513013,1.6830370559333339,1.5384980722348407,1.6391134216521674,1.7686385148093022,1.6479561745826183,1.1669454635916474,1.8564641853254924,1.7651435941902083,1.8387283945967707,1.8393794089898623,1.3664436143731726,1.4926697144120724,1.4005669039295896,1.5614190435657131,1.4420911114263564,1.6864495092078382,1.7638082521626517,1.3672360133880803,1.2317566001536133,1.220282907322219,1.4347188812845817,1.6416662385796963,1.6857640130615745,1.6816775904015813,1.548243783894373,1.4475237495447368,1.4552279092844045,1.4550046338912552
1.538568754753765,1.5872424422419802,1.090097315793752,1.4711381825866843,1.355543444052845,1.2861245355139903,1.4843516700979327,1.5116638717170097,1.2934133444359723,1.4029138662132132,1.4357442251695478,1.6115220120122107,1.1015075269927583,1.5577402484403415,1.145729848395692,1.8699573346537797,0.0,1.3217159141219954,1.375730933082653,1.2231144919292238,1.0676147910132552,1.6395808147331619,1.5940341821619985,1.397538470559541,1.3700646925819417,1.1812791013048485,1.3948044213338542,1.2928582270441717,1.2085222770877913,1.1858206571646563,1.5976927227953257,1.3162839163871174,1.3123202229376192,1.4194145094279855,1.1143588261017932,1.5774208801451144,1.2762469039541562,1.6077191094859191,1.4126914499526004,1.7709744683090456,1.139653031545883,1.3819602519507468,1.3031516309921547,1.4135086914627362,1.4616724153282294,1.187666223688329,1.777793162910703,1.3746069965953203,1.232752917762216,0.8386865631109444,1.4095374426645977,1.554079397662021,1.250295270722318,1.2509666055729993,1.6604092610314325,1.5200112909494854,1.2817807657753166,1.672011422657587,1.0666249047020049,1.4878612556123325,1.3823819315149908,1.3307245521697104,1.3162899223234128,1.4664253790928226,1.3742539596733625,1.3091507030919904,1.438162423966443,1.8361070003874316,1.391425162595191
1.395052936558807,1.6937514285636648,1.4155191026746863,1.539578285502196,1.7546552207282293,1.458020458728526,1.1701123307013928,1.5264278760489045,1.6520638472010176,1.720534396411737,1.2988239646627346,1.8852586807811733,1.6067752072019366,1.6216307608434055,1.564109233492671,1.4891060608786422,1.3217159141219954,0.0,1.5754568300634668,1.3575548852661707,1.278836123334154,1.6814785835807438,1.134490650797096,1.4841715693322441,2.041760915195661,1.455960279922693,1.5875581066397468,1.4168862632445407,1.1089991970327282,1.5720613469951907,1.4128594598522426,1.311361010676114,1.3165793031212851,1.4058554712675937,1.22685313543752,1.6630351694533274,1.2623277861325715,1.5227342311641296,1.2778349341437556,1.3471312440709315,1.2370435705625678,1.3273676674313506,1.4170339060840342,1.7445687040911955,1.653000906566112,1.3855346772430233,1.2713485500923656,1.583129161804505,1.2968064091359859,1.6096232120844343,1.894525850059585,1.3639275198881597,1.5354912518376702,0.9164631277133176,1.68931569417092,1.1049656007168682,1.3272889377508,1.512637946623991,1.5870689638974402,1.2281730142932326,1.0595448237469611,1.4652186136150813,1.3840517496791604,1.434330886377565,1.4994952793545084,1.3666192880692056,1.276747819719548,1.5502628359296056,1.7113188125937095
1.7124940628010843,1.692566530977371,1.419969619567785,1.859009392390872,1.2363504366358427,1.4666010140718715,1.325534925250907,1.6863405640408125,1.4377354016830992,1.6932230873991483,1.6955982712179642,1.5440603692032349,1.5294031410702948,2.079576440582348,1.398913039930824,1.74989439371863,1.375730933082653,1.5754568300634668,0.0,1.6010623014627754,1.298589698344089,1.9511887925320086,1.444308633074787,1.63569408943746,1.4034250031323696,1.7556610000741468,1.7797375039042331,1.4955397266151225,1.3565672766512322,1.155969058944593,1.4103228467612003,1.6792795731032883,1.8068041072236876,1.785565128492976,1.3768242883617863,1.951842747609976,1.6437429926162497,1.4759730172223615,1.9917883390852773,1.69189282089348,1.407086696695247,1.7931641244798406,1.754127920096943,1.6322893776747427,2.0456279090336733,1.2159445867027923,1.8194858671837115,1.6715645659597373,1.7421531095516594,1.8190833512266078,1.8057347256102987,1.5301394082643514,1.8601560735616485,1.7794849185849277,1.6176377758720994,1.9622168503644302,1.2093110774662787,2.1991410607108244,1.3493277784979132,1.7712529811031126,1.1222541621902358,1.7316029813444846,1.5093201726046126,1.699235517477759,1.0507137350887585,1.3992006974457853,1.8152221730715141,1.6883004437278184,1.5545996410113483
1.2460896875213088,1.5251409454734,1.815293649250997,1.1000129395591862,1.603393077111503,1.2482164111288823,1.3256033908762166,1.461844434397432,1.2525815659845283,1.6558841239819257,1.8004383006805993,1.6344398906329987,1.5845293856723874,1.6863070469572905,1.3353365482136235,1.659162365541639,1.2231144919292238,1.3575548852661707,1.6010623014627754,0.0,1.2921654362140211,1.7572972058885261,1.6237817239849086,1.6483533804303399,1.8681396397982668,1.4897279955709306,1.8222315689772597,1.5825580164075321,1.375176553390712,1.4332476736825202,1.464944868040654,1.5247361734406253,1.7360423628489596,1.1903190825082417,1.5421678489621868,1.9352120087676754,1.2030232151192983,1.5094128380400054,1.523322153663104,1.566626024755434,1.521632220665618,1.2804636131944458,1.5989061317281346,1.3825090125815187,1.59378751755588,1.7361761509861007,1.70206622617226,1.891263597262424,1.8931783155737985,1.2443268085630834,1.5861827193090259,1.5542217164983068,1.5600432432972533,1.5071122964790118,1.1914386631157765,1.4848510249002849,1.294618710867253,1.8153239043100526,1.4340904299459842,1.5206015742659167,1.2298687545250206,1.2532050529819758,1.6282565109094265,1.5472735292279483,1.7822667656430815,1.4825448509230825,1.3106014187038624,1.4423760812114919,1.4705806656899636
1.5030082837337242,1.760773245525641,1.5092853421858583,1.6869741234667268,1.815129214401504,1.4276937615788445,1.5708850327462325,1.5513059891798477,1.6129237522469904,1.621284790825712,1.7014571954917161,1.4909999485270213,1.5601191273754977,1.9694997717803577,1.662769700174856,2.0237611588095024,1.0676147910132552,1.278836123334154,1.298589698344089,1.2921654362140211,0.0,1.5786270250489811,1.6505013869751626,1.5402329354662365,1.4246480729486548,1.5408419793465953,1.6442223970414018,1.445392122878334,1.3778134063819618,1.2051397313045906,1.6880739376292961,1.5936611421548803,1.6773734947524617,1.3884331162327836,1.160320284097041,1.9849692930754363,1.7395811508815753,1.4527821279361999,1.711295493852647,1.643970503512237,1.278937858507102,1.8587432828927577,1.546658885326407,1.6578727523884185,1.815597819860187,1.4121800127269484,1.9029979162922317,1.4870144632075892,1.6278702897455053,1.5517099522818836,1.6210159258235577,1.5281886826887647,1.8070530272947527,1.4353402666288901,1.6537688899511143,1.7080233023267766,1.3507746140300316,1.8571142970464676,1.358710421068345,1.8633099908224948,1.38212707898666,1.4422701885647686,1.3019189340328619,1.7172647569291943,1.4608337487754421,1.6246398318322304,1.892832056989061,1.6257112062581254,1.6972066506911152
1.5840214665402845,1.55624515476362,1.8643380736497681,1.7142000068645038,2.0152819939487796,1.586005776258876,1.8766170115824714,1.85903205149144,1.7233215937032906,1.6481315428417171,1.8924315400871308,1.7857480567092903,1.5918516695438716,1.7931553339083315,1.609177386500614,1.6034368431093853,1.6395808147331619,1.6814785835807438,1.9511887925320086,1.7572972058885261,1.5786270250489811,0.0,1.7156755378967394,1.6688287096542282,1.6446516742676236,1.800133001318157,1.808676628269585,1.5997592073742173,1.4757737022309994,1.580419937713407,1.3879759293109275,1.6485997527660172,1.532145422736043,1.392203071641326,1.735309919801271,2.1326248839149304,1.6695380139514244,1.2940718554346213,1.5452401733372159,1.8301056047491242,1.8625718366152426,1.9514242350196536,1.653846390516813,1.2276877711536758,1.6914507049270926,1.3501194335626405,1.7081575852943243,1.310364012092707,1.6352924350228701,1.7133737949872678,1.5882138989271537,1.5976594709901328,1.3932576200371958,1.3951499303601054,1.7392464691435356,1.7336982141819417,1.8902320579671257,1.7425850459810721,1.3068580517870727,1.9274369343846178,1.7414157832958161,1.1089448531224595,1.4273318280542031,1.6549009064757247,1.8579821031223773,1.8941515588531468,1.8271930636370808,1.7483914600978259,1.577756710312637
1.549813017548786,1.675278039739839,1.6262403137973926,1.608986551464493,1.6388393845542502,1.3188461372978293,1.0699850931046402,1.6442583303060863,1.5904159854580417,1.670929998580728,1.1498904083860626,1.7721032566776747,1.4816114210208053,1.6614595727839094,1.4473394387243723,1.4028399243692202,1.5940341821619985,1.134490650797096,1.444308633074787,1.6237817239849086,1.6505013869751626,1.7156755378967394,0.0,1.4173403119913992,1.9084426724069834,1.835610297899435,1.5978508212232807,1.5060854161644508,1.3486442913600942,1.463962700332439,1.194518912373506,1.04776765676464,1.772517024630015,1.5101536921945042,1.4853684957751017,1.7180875602578562,1.5072502835278134,1.851324949026562,1.4229345956183537,1.3177330319178022,1.6644492875333239,1.4782579424838365,1.7088265105741094,1.7928683595224477,1.953883198262033,1.186889944036946,1.4617183882741376,1.8467878108987998,1.3774560039814192,1.7070769436809303,1.6426125262094937,1.5962278424999246,1.6289145540517889,1.507405598497444,1.4724442890110572,1.4781001418441062,1.6579193546096913,1.6952548250638262,1.4467111613047534,1.472171900334907,1.1101250385704529,1.5634674837398967,1.3618065749576476,1.0889557776715535,1.3833700061090166,1.3988708866104989,1.194511889520382,1.816425584696777,1.6769486889297194
1.448229819996957,1.3281837753037418,1.5866722615034687,1.328950681663642,1.3778528738737656,1.3597014972510473,1.6256821827895356,1.7530703153725429,1.4461154972952412,1.2776720584993324,1.1790003539286011,1.7413497876694821,1.3013165684971646,2.0886568836251875,1.3270222755882408,1.3994255679993077,1.397538470559541,1.4841715693322441,1.63569408943746,1.6483533804303399,1.5402329354662365,1.6688287096542282,1.4173403119913992,0.0,1.6040408519604217,1.6354743098841846,1.1691001862901202,1.530296926332844,1.291883414333353,1.369086728043276,1.438664817730505,1.370935595167223,1.7652945773309343,1.189775325896397,1.197876934504468,1.6672931507876123,1.7766644554369904,1.6191027673044331,1.3369682297200187,1.6727064545062562,1.6503209631562086,1.7672743125882844,1.384799199769306,1.8493290694181284,1.825932000450885,1.5782188287909047,1.3180606457466515,1.7961381843129558,1.3957561998573358,1.450431401430409,1.6897833074026989,1.7147855924522395,1.6608107330439847,1.516013801153889,1.5492204801031155,1.3842145802733954,1.6900144853151897,1.5203390743969338,1.3669227580795356,1.5057655011962072,1.446155392819797,1.662781918052089,1.424130524248829,1.4502123238525502,1.5996348035591983,1.3080162789839669,1.481392803901095,1.7373499079909305,1.3340260773450812
1.8915822856598974,1.5973311232250476,1.5713579594173572,1.7210309827095107,1.4562177468848185,1.4032888535238268,1.9792163505141953,1.7355554057175955,1.3557946576309503,1.4151020714054496,1.7070162181486894,1.4345872149677101,1.323353544312917,1.9623514908715527,1.3426079302945657,2.1537137133800797,1.3700646925819417,2.041760915195661,1.4034250031323696,1.8681396397982668,1.4246480729486548,1.6446516742676236,1.9084426724069834,1.6040408519604217,0.0,1.6086964687973508,1.6485382906662707,1.4379422326650817,1.8713824224820221,1.327586333088785,1.7233704753273171,1.6071190761722334,1.9601923971197033,1.7143100177901298,1.5576951486335646,1.9555866576840832,2.0789225702644463,1.6315283833948806,1.8758107748494417,2.2311463949458674,1.6226627447149868,1.9458171279834053,1.6322436236664497,1.2897481787082479,2.2296080396529625,1.1975434324259182,2.1057079155497216,1.5050016164948596,1.950080610633636,1.5344388471830703,1.511523589383934,1.9626474219207857,1.6273112672000598,2.036924653708237,1.6165144643255762,2.019502197950998,1.586770981584242,2.0302115505287426,1.4052996214837363,2.3091343353746394,1.7549529130189092,1.6405358631724327,1.2396189551730634,1.49369304935844,1.475639275735889,1.3887907128747294,2.028149682539055,2.016574840193965,1.4562368647302537
1.7965777937627065,1.577316216828402,1.1722768737770421,1.3950042918306143,1.4924181899576785,1.28066564873673,1.9375851278421812,1.8596100692177322,1.5178759717609633,1.0004892592249826,1.4609668274157417,2.0554698692183253,1.1183475731091608,1.4865185655816777,1.5389793256216469,1.676664703972034,1.1812791013048485,1.455960279922693,1.7556610000741468,1.4897279955709306,1.5408419793465953,1.800133001318157,1.835610297899435,1.6354743098841846,1.6086964687973508,0.0,1.4560645111451536,1.3221320169629145,1.4874185472708905,1.4753758179821292,1.6380226107818896,1.3203254597102736,1.281063396935358,1.3718525725409194,1.658268051279048,1.416512920497415,1.476685681745175,1.4744483526784649,1.5150078003505385,2.1944412095861185,1.4413918567333617,1.5358412414559341,0.8100594803573586,1.371520738999857,1.9835869710123921,1.367445665171221,1.7602687888828183,1.5626405910959835,1.6081904688693887,1.1036224779976938,1.6463779905542106,1.1966150600373762,1.141037347046564,1.4161728491640113,1.710010780993884,1.2510463026155403,1.249158812303289,1.4947759107768899,1.2330537360835123,1.5491578489626503,1.4207411287457554,1.367751139547173,1.202936905010201,1.6921792264950148,1.7630899074337034,1.1878708120373997,1.5893692166573092,1.9373773397066598,1.4229828080253113
1.7456098181578077,1.7555365314554687,1.2044958474768361,1.3844040848729258,1.6426806726522174,1.3491874119006007,1.7332387626902641,2.095648268654044,1.3280982134866173,1.191740582687612,1.2645630586964278,2.1324890131868726,1.1750468315892049,1.9042867031926416,1.654153553579222,1.682333937378769,1.3948044213338542,1.5875581066397468,1.7797375039042331,1.8222315689772597,1.6442223970414018,1.808676628269585,1.5978508212232807,1.1691001862901202,1.6485382906662707,1.4560645111451536,0.0,1.803994605047592,1.3687501393038393,1.383615107386555,1.4134176690682474,1.418699151972302,1.6339766455031197,1.5749651852739424,1.733663674798974,0.9762590009718662,1.7758900006216405,1.7959810060778367,1.530785706452144,1.9783021049458942,1.743265097621128,1.5708422393362513,1.7278933076109746,1.805160101050902,1.5981165733616647,1.5288248972571818,1.752442164230157,1.5590307235008933,1.5194615185075506,1.4231841353598984,1.2268034167193067,1.611880045126236,1.3923414921323731,1.5317989951889959,1.68458473865067,1.171017180357928,1.8782435888022417,1.5334331725301718,1.3312309628566743,1.6177305634542267,1.7942217570070063,1.4668463678020032,1.522833985928793,1.7517960973162898,1.830855287778128,1.355044848753451,1.8233681447018237,2.0567270875549704,1.6358351413060679
1.8774755909030876,1.1681415091634197,1.4802064936207224,1.642756647428781,1.42052844128159,1.112310060487937,1.6739630037064874,1.0310127725349671,1.511391292805361,1.2549535381157737,1.2467825956632201,1.336826834102326,1.4222843363670572,1.345330850679791,1.4892068924114759,1.8080762876256073,1.2928582270441717,1.4168862632445407,1.4955397266151225,1.5825580164075321,1.445392122878334,1.5997592073742173,1.5060854161644508,1.530296926332844,1.4379422326650817,1.3221320169629145,1.803994605047592,0.0,1.3148433595561888,1.5746334811901967,1.6052914971403258,1.2592824930217577,1.4686326209399816,1.4496979613001095,1.5012034432584889,1.651242427420358,1.4222031676942526,1.402294518372914,1.6777515825662386,1.4409827846418006,1.8020251582062763,1.592983187159742,1.0016806564127432,1.4544261413388042,2.1289526519748456,0.9453067568909969,1.3044991172920193,1.7443348063632147,1.329304919262695,1.4099319694791494,1.7940708202782583,1.5714883594303006,1.5710228230139889,1.3568948230323667,1.4496676963568131,1.5742319188102192,0.9951263013777009,1.4819522853346654,1.393846114989363,1.8667342527714998,1.3534258192675068,1.7794072924656903,1.1187076180780535,1.3103193360497942,1.4594724029682813,1.3211507387180408,1.1846820957858506,1.8650861362776872,1.1989652130311885
1.6521925864987046,1.4678145983474602,1.3312281242818174,1.5885522077164882,1.5763717973141393,1.3331895368601223,1.1798465530032085,1.706164268687687,1.37890184578574,1.4284680735449649,1.3750134295839687,1.7671017422755242,1.3890250913920374,1.661675557307361,1.521724608975206,1.303821701834227,1.2085222770877913,1.1089991970327282,1.3565672766512322,1.375176553390712,1.3778134063819618,1.4757737022309994,1.3486442913600942,1.291883414333353,1.8713824224820221,1.4874185472708905,1.3687501393038393,1.3148433595561888,0.0,1.3592330195660336,1.2680743551583942,1.3970901392507842,1.3493796435217424,1.3321947373291394,1.359416012154582,1.5112524884473961,0.9379689454006624,1.234400832750689,1.6645589179026667,1.2854929238259363,1.6146904947010081,1.4805069511722182,1.4419650709116416,1.595535419200604,1.4530469961577517,1.3147026156674848,1.2747121148877152,1.5434536864240953,1.1790603470793628,1.3993180303056252,1.5559510908719707,1.225738591743274,1.5584655520282318,0.958335379461026,1.5962198506443805,1.2030595207319148,1.2941028057294568,1.5884922940107344,1.0947934363297382,1.1869752100024458,1.260989997317659,1.3850374462279729,1.3974883550942552,1.7379340926757652,1.6072873031202484,1.5549466084486028,1.3345481594639543,1.6763427781348565,1.3645270830384966
1.5272805166265147,1.266446109895556,1.1584377819414513,1.642047392591107,1.1710639623372905,1.1108677820841895,1.3779744699258132,1.6416464374902966,1.1490874318969302,1.310536555525924,1.4278842545730308,1.527145303999979,1.2827318665168175,2.1275988573727864,1.4206184923833516,1.530653289278425,1.1858206571646563,1.5720613469951907,1.155969058944593,1.4332476736825202,1.2051397313045906,1.580419937713407,1.463962700332439,1.369086728043276,1.327586333088785,1.4753758179821292,1.383615107386555,1.5746334811901967,1.3592330195660336,0.0,1.4261721581315667,1.636815576900855,1.6389728351867208,1.174890359007559,1.535763418104489,1.7483316514998923,1.7833307230553423,1.2855383829108182,1.6915998460121848,1.7749202056018951,1.4309918937072716,1.8218572466045555,1.4652730503189109,1.3656728358055144,1.854390533854512,1.2500557768614176,1.858525879312427,1.647635982620062,1.53309376366643,1.5569665819744833,1.273788790305836,1.4059870158727512,1.5672075660104143,1.6007901988944777,1.5946973046306356,1.749663429179255,1.2863723547323531,1.6160490774494725,1.0594810049085868,1.5795227823355766,1.4606926511691787,1.1630738114562438,1.3364775201077148,1.6019890086997723,1.1672934181140815,1.3221104067169738,1.6970960781534459,1.3774309261124769,1.6221854700468963
1.3291490905015546,1.457278009319912,1.518203220376893,1.2399193518885205,1.4212751260485819,1.1757450563852052,1.3851533602310886,1.7861932736699326,1.275645931445207,1.3256742140057967,1.5747650663126818,1.7743970527364437,1.2231296762121235,1.5857164221743716,1.3116938675393492,0.9455181980033348,1.5976927227953257,1.4128594598522426,1.4103228467612003,1.464944868040654,1.6880739376292961,1.3879759293109275,1.194518912373506,1.438664817730505,1.7233704753273171,1.6380226107818896,1.4134176690682474,1.6052914971403258,1.2680743551583942,1.4261721581315667,0.0,1.3270253324953292,1.3819675722147715,1.6008323731001823,1.7013929955766514,1.4834010861097455,1.2654447462669505,1.379596959155991,1.4005080988661471,1.4833118863944956,1.706527881609461,1.294007557006073,1.7136896736686507,1.3719278900329543,1.364986778611333,1.2505286169481469,1.2041138986512592,1.454379544779543,1.710035948488625,1.64052726355937,1.4105231109832774,1.3279573674919263,1.159056944411028,1.300301869182516,1.1119019554158518,1.4299100914934506,1.661203008374797,1.8443925114172508,1.1299320892516602,1.4692475511311403,1.0851561608382614,1.2853615977859152,1.504359690998932,1.4170206312463038,1.4357005958523013,1.3622358895250506,1.4852358925448346,1.5102437454683542,1.1656374371570375
