0.0,0.1422378205274566,0.04184437722561585,0.5408775140468742,0.37762243774761073,0.9856383566086528,0.303598450315131,0.17026577722030845,0.010973469938805103,0.20765897103213216,0.22325944614210802,0.7183696826686874,0.42877015374462846,0.5687585842969713,0.2682290423574678,0.33327044266454187,0.8488365705786247,0.0054281373249363,0.26823751616319425,0.6329830139358927,0.48458492905148676,0.5542076465875605,0.9087713334994465,0.3572548615532771,0.44547262681252464,0.6217902663066668,0.11984090948963844,0.15955553272741807,0.5731307071420779,0.5412492045477573,0.7492942553103608,0.8047329471668485,0.572129920235438,0.3083529123359623,0.8487846927960041,0.6281381200768523,0.9952485446158967,0.1240541717490784,0.2081716408055425,0.6248362559068787,0.7970045619998318,0.4681896812919515,0.7432171247948702,0.7534641617680127,0.20541277571698724,0.3917537607970092,0.2134130193839674,0.42583262745933026,0.14828627474529665,0.9201319044403036,0.9493714773838291,0.9342814125186352,0.6735388247249741,0.304244307070235,0.057280099827236475,0.36570903987578807,0.76455448130676,0.29997236455292886,0.4230208694596498,0.3831207335821911,0.2309630536746312,0.7957634056270828,0.6322992367611195,0.909346530256788,0.3079099031249237,0.24134145098468185,0.8729414309429677,0.9316585086318936,0.33498942696623857
0.1422378205274566,0.0,0.03911328207772913,0.2410926782079441,0.418654678996192,0.5746123956792362,0.6830013899395306,0.8190876091783654,0.368227718178858,0.5586914296829912,0.581576234579263,0.16554189228054783,0.22717642845582486,0.690672351820899,0.6630441279648118,0.915455945323093,0.5442028687420779,0.03510818497441659,0.6964348203070658,0.3875226018077498,0.022160649307944702,0.15337849544050797,0.4254983149925702,0.30481495558448857,0.6037665595474011,0.9632038843612234,0.8306764990618736,0.6691926063075333,0.32200628538839293,0.025929354407843608,0.2013867558968645,0.330611769207261,0.4683907392787714,0.2627435565926204,0.5639397368438777,0.6759804441513684,0.26557682538823113,0.6611835417017236,0.7314959426338072,0.7873591278480319,0.11210268920217814,0.5797064696799983,0.7202596527780116,0.6398249232564939,0.40163277425469457,0.9386561583630924,0.1307748695705815,0.9785864769259625,0.3771267125054254,0.8886648958346317,0.7156352440709299,0.7335243810254652,0.9047181477265214,0.7437814943198389,0.5415405388844561,0.27249584512877156,0.5557523754203313,0.29392909657870514,0.7696468992390988,0.8142026779749407,0.5573678753478799,0.5578018122473494,0.8612076676206304,0.9537465783110697,0.24462009002892438,0.41347522726575847,0.1975682451323144,0.10925922194661686,0.8719738824997203
0.04184437722561585,0.03911328207772913,0.0,0.14216908057672573,0.2685868981121191,0.57317398617615,0.9624894196722356,0.7310503487864772,0.7805557086029253,0.7911055579799158,0.6044919366658763,0.34508907037921,0.7447390605094522,0.060012840575419446,0.6150136584737609,0.863032707954392,0.7635707583821352,0.03876455441664772,0.9176276179918308,0.26862705665463715,0.6577514749555351,0.29485629062910457,0.1805778579772488,0.9816573547449923,0.45792091086814257,0.1348366030311785,0.2607504970991641,0.08478880326786076,0.9005735578853733,0.08863339195376096,0.3464277175781736,0.08054611545581714,0.8263984979191668,0.7207497338481939,0.7712450018889903,0.033798003533231036,0.1286598625658566,0.02835618637158177,0.011844205513332096,0.6261623199813078,0.6864164054090847,0.169269394979205,0.729162182986431,0.8822736839968726,0.948148886336877,0.7905672876885914,0.5746482292123134,0.24931598878107475,0.32907445321292594,0.01401176822196426,0.1758573268038648,0.47772048024579306,0.2867950124681089,0.9268124861645735,0.6571735172213276,0.7725731376072078,0.5832747923264723,0.01708669679301189,0.9809429272808698,0.25567128355276036,0.5605368424275048,0.36047046189550214,0.43048037758305524,0.12015283137791521,0.49556134038548283,0.4360256848524733,0.294442056726097,0.6022302231717378,0.08720710480088467
0.5408775140468742,0.2410926782079441,0.14216908057672573,0.0,0.0010538688511474437,0.6181110596757511,0.1305411392177429,0.29829417480924936,0.5968894342240332,0.3786423249552624,0.8428296875315731,0.050158579691192307,0.8066788329641434,0.07587525695090003,0.9734080325720353,0.26033357301719007,0.8670994404886136,0.036852665689635966,0.07295995227236407,0.008718774831650178,0.5175417867762262,0.9505925477051285,0.6260412483801099,0.5418259638705436,0.47463684871841716,0.5795174138265691,0.3315297423334602,0.30771468455833717,0.2402647856232627,0.34933588423544437,0.635784469251151,0.7471499304661213,0.02025090389234241,0.581770079595407,0.46918756752499635,0.9359946828479757,0.9892405185290747,0.2910731492057774,0.8393891976567016,0.7309928933032284,0.19210911187276825,0.4954493282179482,0.9685655601099028,0.1695948093051396,0.9081731529828949,0.1450168748315468,0.46403571775329966,0.3401390557394124,0.206206029662531,0.6242660524350869,0.17502396133826914,0.997066077874166,0.2541011728276319,0.9703603763580753,0.0983954912609748,0.576163637788343,0.8277073578765026,0.3679368603406088,0.4782222132535061,0.5444438742554625,0.8572814325920368,0.9722692426062911,0.47861637772277477,0.7420227762270788,0.4284476070209726,0.21894974392142275,0.10588640857434051,0.7775480366554739,0.24795744003871034
0.37762243774761073,0.418654678996192,0.2685868981121191,0.0010538688511474437,0.0,0.1257406444481468,0.27750950302763755,0.08088322351145227,0.5238494217577478,0.17187510589406618,0.9630551569494459,0.7695227590548781,0.015858967974611504,0.507463658414552,0.35630146557991993,0.018405071084196756,0.8605402522151693,0.9068788509842205,0.43388633301469093,0.6125041535959568,0.9004896035238221,0.992528413941338,0.6794137342374398,0.5012788065531715,0.0807395557385906,0.09301390213223049,0.2551144045280185,0.4277489338198488,0.8825581176800028,0.5519507718462919,0.3382140246478007,0.6783600319665934,0.7551159045275202,0.5104551064822593,0.4551952770939067,0.5911682290099183,0.728363963689026,0.032053295781858004,0.8924584829336804,0.14430120955839798,0.7624196172990034,0.32570087101648393,0.887855137407882,0.0920201299767438,0.05518369441933557,0.42753494231443456,0.12573775910574891,0.93797876119653,0.7739498305556982,0.2251023526847209,0.7966697328785621,0.5944458496015574,0.11921207982458482,0.31987887111253444,0.45699998416685395,0.23428151207175651,0.7950522290377258,0.07428762557468849,0.8261146178924761,0.8536966299635265,0.3494015495403673,0.5828029877939644,0.5811215180931828,0.6634621964187566,0.9681860231209636,0.9388049204628699,0.1998166436126425,0.2519450802961887,0.4260859016174807
0.9856383566086528,0.5746123956792362,0.57317398617615,0.6181110596757511,0.1257406444481468,0.0,0.3792580938482222,0.6269035404603571,0.6564458953843681,0.2387504551744366,0.8721562944565031,0.9257008597851972,0.968307762991286,0.7857400781006731,0.5497893694545983,0.9391761756700339,0.1370572228617284,0.9726629207064557,0.29518253575875164,0.006862667029785996,0.2954718126924145,0.8228093931468214,0.6577588208215579,0.7723698624685285,0.14437343935812375,0.743393540644506,0.6043505462751391,0.39705481534877296,0.1511897015320769,0.2847223064740487,0.3076986668719681,0.6837578624555212,0.8332096333659009,0.294678840754504,0.8075587016003545,0.42904188356173556,0.36424361494666146,0.2750938971253285,0.47521603743337937,0.11841725357325106,0.8482445398803913,0.9038667851813027,0.6713832149014896,0.9425429092635353,0.7432063674725657,0.35927050059858856,0.06508828722714055,0.7552308880965595,0.9677615343461781,0.8665201991705644,0.4138988036141731,0.43099913319231575,0.8353490460098363,0.5899394394799764,0.20143753836686518,0.11413310635405427,0.6189207627979771,0.7547919629599511,0.6722683995298164,0.5772360693869505,0.44139372666241994,0.6412952086634709,0.8077320764497833,0.039897080087279546,0.31068145915314016,0.9123356764855433,0.28185990877615663,0.6227932250801365,0.006248341637041577
0.303598450315131,0.6830013899395306,0.9624894196722356,0.1305411392177429,0.27750950302763755,0.3792580938482222,0.0,0.9937620835780214,0.6141835792040782,0.7714959485745143,0.001293942515911528,0.40170349009201844,0.5223820192785307,0.7347188285834763,0.0037254259318202365,0.12044161316241131,0.8212448221130129,0.3332124535047314,0.9802568120748572,0.8328160845648322,0.3418515289051318,0.07843673388244876,0.3908205691442319,0.4366390654968624,0.22331940183814458,0.4335002295919972,0.4383738556197936,0.5114872007283211,0.40796364035415356,0.9477205388101038,0.19873804067678624,0.6318341372664189,0.9144702077694751,0.5379713719218058,0.5337073305052009,0.06005103075192819,0.8500160062383304,0.45532564668585973,0.20416569651823968,0.3058363713874688,0.7776197956175814,0.8400366691969747,0.3728633284084186,0.8837812552819397,0.6077460562691737,0.07492282382771198,0.6271053291311821,0.5094712191101198,0.9549969744075879,0.6369514209401275,0.18943717349323408,0.48456303231148645,0.7960932682609589,0.19422783660741016,0.5991972994773846,0.7173187302597814,0.6356335065424292,0.8738688583177199,0.7774341586089006,0.5305807448092996,0.1794312785786678,0.14136202963235878,0.3386950308689449,0.8601215847387917,0.5741219243452014,0.7260716938019292,0.007208980334486137,0.9156141639081141,0.13587770145869071
0.17026577722030845,0.8190876091783654,0.7310503487864772,0.29829417480924936,0.08088322351145227,0.6269035404603571,0.9937620835780214,0.0,0.5366157237423317,0.7847015140499196,0.1839260000454892,0.797315843964169,0.7138488390324234,0.07022288877403815,0.0045959176142693625,0.15028058190243643,0.03543852343489151,0.262667465986415,0.3484330042709536,0.596181604290249,0.9008017009473379,0.31514077068069857,0.5227740780679806,0.022109577518512502,0.559231019917299,0.6802717206175757,0.453100195131076,0.5662168280961168,0.4628820931017259,0.14175707670203397,0.43125848272750855,0.6152148671399267,0.88547685649802,0.2344429638814054,0.6513082811098179,0.3690727067213675,0.7574084423292338,0.8238768525616156,0.9711048327744074,0.3176230765971295,0.062135252151368725,0.35294247848765004,0.9383511556048696,0.9450837161244776,0.4232767529129233,0.7583106385125078,0.889717272576031,0.3424910232913305,0.5821457023833041,0.0883627625645278,0.30488795085980747,0.7760473332071922,0.8005490074557835,0.7570578238736505,0.15917008320618353,0.5317255982582396,0.35924663502435994,0.26753887231017304,0.8738916842839992,0.6222130764237785,0.8976287195656489,0.8496293846436134,0.5460664385501781,0.7276031856385075,0.5833364135067367,0.43775647258393424,0.9479130449715731,0.9276514350024454,0.6543944640362493
0.010973469938805103,0.368227718178858,0.7805557086029253,0.5968894342240332,0.5238494217577478,0.6564458953843681,0.6141835792040782,0.5366157237423317,0.0,0.4655168938651826,0.0251036849519104,0.052174843752226474,0.6252556899195836,0.5286281090545171,0.2131869601004306,0.44429837225222957,0.8803137025456222,0.388495821579816,0.5602306887876578,0.26306459430008866,0.49165134645782027,0.4260751552151818,0.3319189421088369,0.05231278192790478,0.4250589576038304,0.6497150162587284,0.663953822952182,0.10132659837762725,0.9893505713892785,0.24376360680219622,0.2930196828025773,0.5891907430389187,0.7250403005403221,0.4966595117551509,0.9320323214778123,0.9868468522782015,0.5633105139199863,0.3935860235679205,0.18216613612271693,0.03237011424595937,0.10597805418535944,0.2767678065176389,0.57328093205042,0.20005944764255945,0.778091371722909,0.5279450239719921,0.910198792091085,0.019299565856546907,0.10928202889921113,0.3768325297452979,0.3578772850413001,0.9580156540589886,0.37668469049314846,0.8267030353703231,0.7255848550791757,0.7007303403344143,0.4632621168642319,0.0514352096798909,0.6804643527458418,0.5477188950230281,0.2616273826339752,0.6807050275084063,0.466783487576379,0.6102041114015639,0.14478269472934135,0.47672793247072454,0.18296025547299166,0.5580052137096307,0.14670664445779336
0.20765897103213216,0.5586914296829912,0.7911055579799158,0.3786423249552624,0.17187510589406618,0.2387504551744366,0.7714959485745143,0.7847015140499196,0.4655168938651826,0.0,0.2324307475081846,0.620394904128682,0.39552111610639673,0.9235223044955572,0.1754091710649588,0.7106714809926162,0.4069544278633066,0.16062181163163958,0.3023256686417326,0.2968347461947154,0.4083425694157481,0.07459202221066263,0.6871373459738361,0.5770204303105475,0.7717794941007636,0.15205628786672554,0.610253836972797,0.4955548603144069,0.14692573093125327,0.8090272142469803,0.4147312660374243,0.7580932495218382,0.6020069321965553,0.39089720437730713,0.7722333334903091,0.7601700131445448,0.07347864977843188,0.40235126494729845,0.7004243259754555,0.03610705794805669,0.6875289131298696,0.24367012858756731,0.6515283725508598,0.5337638900871937,0.19815872412112157,0.45261543668654536,0.40660023947436863,0.44703911803768537,0.8321174588560014,0.8918100256975243,0.4569298009496181,0.5424330336064884,0.7985291922323643,0.6486644700708115,0.247078005283913,0.8598795230239746,0.76545831698476,0.07779223329976892,0.9651655340027105,0.4645209330775997,0.4468665531690459,0.8289927927945027,0.9053555548101566,0.8256110414220723,0.8106176407879164,0.0787890421706039,0.503145287084352,0.0005718435610286843,0.6978515632116897
0.22325944614210802,0.581576234579263,0.6044919366658763,0.8428296875315731,0.9630551569494459,0.8721562944565031,0.001293942515911528,0.1839260000454892,0.0251036849519104,0.2324307475081846,0.0,0.983303855883034,0.13589038153406352,0.6859504503159646,0.7946318995033979,0.8043184763592146,0.5845600045163863,0.8820323562120655,0.1083641059504723,0.9538716379702854,0.3155525289245029,0.7821547708527865,0.6327912554911801,0.09329672857314453,0.33703717356472973,0.20713312732943368,0.164662335792636,0.2879762968029431,0.34854741797332656,0.7910197710679245,0.03833916184717445,0.9392017053661605,0.6327285801000593,0.001481288882932974,0.3315993748290653,0.7171872963037991,0.3016711963756795,0.4335767202877272,0.43984994032930635,0.14132495097089381,0.140110342534288,0.5771615765123692,0.11611969158019786,0.1543654122543432,0.29012978939793577,0.08116543478019,0.1730033794390411,0.8669158538762611,0.32935723835130015,0.3103038452428344,0.68215770873156,0.430719093703791,0.1904419506482189,0.708757917816409,0.6347411807478596,0.08857094339976523,0.2704988953105565,0.7471229039260403,0.4624613726851463,0.038654321993087715,0.8882718144905186,0.4476187154482292,0.7217913945225556,0.7780914173103106,0.8001921023907188,0.959926928612433,0.021071195693760814,0.5333060893170278,0.3768772394871167
0.7183696826686874,0.16554189228054783,0.34508907037921,0.050158579691192307,0.7695227590548781,0.9257008597851972,0.40170349009201844,0.797315843964169,0.052174843752226474,0.620394904128682,0.983303855883034,0.0,0.5338006261762189,0.5857265537022842,0.19688735049565453,0.7639434619878305,0.9688415685316829,0.4780983507883263,0.5295838641515573,0.5811017686405102,0.8099191005038449,0.7323646185260786,0.4220698630275652,0.6607402974010701,0.6735911486628905,0.7358653737175311,0.9971208897028052,0.877134900711479,0.9416244387261088,0.3494860425767887,0.118503513529018,0.7071064038435888,0.0448317028130667,0.5338118236859066,0.6808109679983918,0.2131458073732997,0.7088253232677064,0.17466526914042246,0.10499411393884461,0.39422159529572287,0.17919519072549273,0.029240234558794098,0.3068081498160573,0.4455815060419792,0.7053686459450412,0.1944265387746429,0.062110971938702964,0.6246929858898624,0.21668736080775863,0.8650887189759946,0.7291372209543487,0.45973973798134216,0.5297082614925543,0.3980560848027166,0.7172017876120047,0.8510708736393748,0.178195658990711,0.0016369754340164189,0.5991733908464609,0.474727555179024,0.7043195000022173,0.5172748895448409,0.08276392539452848,0.37197664480403225,0.18554351195415597,0.20143517706229375,0.5623546707870224,0.08172461459962577,0.19644964272213694
0.42877015374462846,0.22717642845582486,0.7447390605094522,0.8066788329641434,0.015858967974611504,0.968307762991286,0.5223820192785307,0.7138488390324234,0.6252556899195836,0.39552111610639673,0.13589038153406352,0.5338006261762189,0.0,0.6726090415829511,0.15467143949914575,0.8825457459058093,0.8109705270856966,0.38334141916272424,0.061691671458874,0.3595567711399077,0.5384634921657638,0.26601249699925367,0.041623722106358674,0.20629191230882293,0.993808953075543,0.15043881537562132,0.4177014819480209,0.05407934676462833,0.17089791264682574,0.6277420650717254,0.9163712047876771,0.516230546125914,0.12217303053471062,0.436288884353075,0.13269269132468087,0.7077040128605823,0.049634792375577774,0.946676896990162,0.9214410841265979,0.5909017547306468,0.46838922821878004,0.359849759381937,0.6704271785016034,0.4123861521468235,0.023821165637419428,0.36506950368536817,0.7396770278238765,0.7224569930033049,0.7330857889689191,0.6934141858562355,0.5591042983755541,0.5053680056248799,0.9339178936869124,0.2612630405914975,0.9936770782137083,0.9862157246811594,0.9692176009515898,0.03387732678341249,0.4375703726191629,0.013567284279210945,0.8963464460867114,0.6436064121320273,0.02803230552697067,0.4626112672749181,0.9699447175673794,0.5658212860534944,0.3529317753655077,0.2899625406538535,0.10760839038826453
0.5687585842969713,0.690672351820899,0.060012840575419446,0.07587525695090003,0.507463658414552,0.7857400781006731,0.7347188285834763,0.07022288877403815,0.5286281090545171,0.9235223044955572,0.6859504503159646,0.5857265537022842,0.6726090415829511,0.0,0.3414647984158601,0.28040222077899024,0.9023719031824751,0.2890113089881512,0.9924039741977366,0.09067100113246007,0.07966547871126095,0.962986439589935,0.4914504957141874,0.32866727673527785,0.7328148538090691,0.5203074996442911,0.7424422053085671,0.9500677267783446,0.73764204403831,0.9805469857787237,0.007045101952102284,0.3699287106134699,0.615141743445367,0.107051124924612,0.7058219244908466,0.051229652878208354,0.872084246132953,0.6818316155529753,0.7497111632225137,0.7435453040375903,0.9689934852035238,0.1740518347739901,0.35145173545417663,0.6335039048583371,0.647654048888215,0.8754450884010914,0.9812580944442657,0.2455190095129216,0.2476874267317577,0.3523522696335468,0.20290855121867635,0.08653081448938926,0.2705143393861773,0.6198090466830473,0.9389476575698168,0.9829227950429835,0.7622348580746441,0.09133079443718928,0.8848504963612711,0.7309941718368902,0.10522754726039363,0.601195463235412,0.18656675397742517,0.9507627058700434,0.40487818109397566,0.6602786556156826,0.5169679211471003,0.4335265330140228,0.04915703830453011
0.2682290423574678,0.6630441279648118,0.6150136584737609,0.9734080325720353,0.35630146557991993,0.5497893694545983,0.0037254259318202365,0.0045959176142693625,0.2131869601004306,0.1754091710649588,0.7946318995033979,0.19688735049565453,0.15467143949914575,0.3414647984158601,0.0,0.3888225191601238,0.07591826875969598,0.9657772911397089,0.373823354244337,0.2875203609948347,0.777173301586805,0.8122480627303434,0.2503919503412295,0.1286413634819037,0.2660399079958964,0.3108613326656253,0.6509880651647164,0.10334069052077566,0.7418431294407657,0.3896588181652909,0.02489504777901197,0.20673600557520766,0.3982592961231928,0.9194449609210993,0.34058572312389757,0.4809147601611823,0.10046087608754872,0.005784226761140321,0.4486665367021234,0.891847279920235,0.7132883908344791,0.28179702401693585,0.347388002442224,0.77853554186713,0.8304062874847116,0.692349610325691,0.1778316016487438,0.5289189951903479,0.7637289386403998,0.9613970093917164,0.8637128484632839,0.4037763050103822,0.5407556174186114,0.5146330594212625,0.24008545658328662,0.2660294337660021,0.3929733701631677,0.7567451858166858,0.8704277279696642,0.24383955809266822,0.3667415479696208,0.38194499405150095,0.14377126757266656,0.47242104645671,0.007118273895602822,0.4637735212105645,0.7108681120119706,0.5122941121346452,0.8885860654964541
0.33327044266454187,0.915455945323093,0.863032707954392,0.26033357301719007,0.018405071084196756,0.9391761756700339,0.12044161316241131,0.15028058190243643,0.44429837225222957,0.7106714809926162,0.8043184763592146,0.7639434619878305,0.8825457459058093,0.28040222077899024,0.3888225191601238,0.0,0.8219544759046775,0.2747097599532815,0.68509795240924,0.7911169465542991,0.7334074026637258,0.16019074413415346,0.2568854048575351,0.7954005846261478,0.4471965817564909,0.23290443734719357,0.24973813021631885,0.7946149929449229,0.6362006404249463,0.3654526500298596,0.28370003359930895,0.5469937875975377,0.19444665301177166,0.9075825522569732,0.43603854081058,0.8014835129362323,0.16018561062309833,0.7361100828431193,0.14649208424987092,0.5818730633891076,0.687278177926482,0.5141834391980704,0.17589691564434462,0.07966896599918338,0.9767231721846941,0.260393277817782,0.2164852098297061,0.7454756159631519,0.6039859070202056,0.16072204911046395,0.08633924443045671,0.10975748414632869,0.48777401618379246,0.3084407956061055,0.8916717804233256,0.12716560542956556,0.35857255036236246,0.7525263658620018,0.43593385828134745,0.47041981131244825,0.39460771120827065,0.010154839110562364,0.38340838307195724,0.37541332260805516,0.7619952854511531,0.06972219730065876,0.23404126505310185,0.11005835087518911,0.03293577745679932
0.8488365705786247,0.5442028687420779,0.7635707583821352,0.8670994404886136,0.8605402522151693,0.1370572228617284,0.8212448221130129,0.03543852343489151,0.8803137025456222,0.4069544278633066,0.5845600045163863,0.9688415685316829,0.8109705270856966,0.9023719031824751,0.07591826875969598,0.8219544759046775,0.0,0.024598189105875967,0.8106774543869655,0.01972657361544683,0.24594873031367337,0.1669530696217787,0.40210744350603966,0.15623018322840054,0.28762689291336474,0.816472724470326,0.005754786676962498,0.9321653770503584,0.6100190280070479,0.9064433687914792,0.43158846673637097,0.5778154522171735,0.043756693749047004,0.8727359258859704,0.5844852495426813,0.4596371541595432,0.5689180209613551,0.6880660929481004,0.49749458129597945,0.31144883287155833,0.7006979131640536,0.7153632695734329,0.8764358257613676,0.6526633776640411,0.6544710021437459,0.4841585388144105,0.9175863989495674,0.9738637804549752,0.24865702694849556,0.7998929735504261,0.5524120378103701,0.6886965023489293,0.7298588451335608,0.3353210857398754,0.8007350854007413,0.35523390062189986,0.6146354649336037,0.04950596814632169,0.20193288069008886,0.27127844911385757,0.9240534543366701,0.6637412569421137,0.4579275524252622,0.8552647719249888,0.005426234845943956,0.49129107666697047,0.6810458548639431,0.8297674944121245,0.9110843413554883
0.0054281373249363,0.03510818497441659,0.03876455441664772,0.036852665689635966,0.9068788509842205,0.9726629207064557,0.3332124535047314,0.262667465986415,0.388495821579816,0.16062181163163958,0.8820323562120655,0.4780983507883263,0.38334141916272424,0.2890113089881512,0.9657772911397089,0.2747097599532815,0.024598189105875967,0.0,0.25003868007742347,0.8226363598315276,0.299962405691963,0.6965765146852427,0.38068058017548934,0.09378712213568208,0.40683853085882293,0.3135972996154641,0.8349196841173798,0.8313075808842985,0.5801535006949077,0.4559963533745559,0.13626292318410194,0.06295079109002866,0.0015966927746418058,0.46108123995582684,0.3937904666804597,0.38862904586734537,0.2664128086688309,0.7094586327612928,0.6563681973241271,0.7620402748573585,0.18241545961904992,0.17861259987443345,0.5972678392611361,0.37015456208993935,0.8196521123779819,0.3914794550664593,0.04333605819698638,0.7128113169793922,0.014029738840691808,0.9163729636558777,0.8923177617515141,0.8065383584053771,0.7823347218200722,0.6607908025108244,0.691137934610933,0.02949128855163652,0.01489901837051999,0.6071273923690592,0.054959568593415,0.14220209912139392,0.20399090438011624,0.41922622930977194,0.16569374494386957,0.611254085980661,0.930954043371075,0.3304751375221091,0.30291858763003243,0.7142270245484181,0.5245836619152768
0.26823751616319425,0.6964348203070658,0.9176276179918308,0.07295995227236407,0.43388633301469093,0.29518253575875164,0.9802568120748572,0.3484330042709536,0.5602306887876578,0.3023256686417326,0.1083641059504723,0.5295838641515573,0.061691671458874,0.9924039741977366,0.373823354244337,0.68509795240924,0.8106774543869655,0.25003868007742347,0.0,0.46674846259639313,0.42504447923981603,0.5326781315841604,0.011607677798580074,0.8090219180863247,0.026761610147502557,0.4107625185331316,0.3801517723470693,0.14337226009610138,0.034349318713941646,0.9291410395525539,0.008113110931983414,0.7623047869835091,0.25739588239736033,0.688747327656789,0.055462724179316414,0.5682277578937587,0.33978605401405026,0.795984928237145,0.80671051777867,0.09290179237966734,0.1672443128439498,0.294290023026202,0.24227312445431082,0.9687089878810395,0.6340365765079887,0.8200426995928418,0.7188630400140568,0.7017839644316641,0.7694465379581306,0.3011599257051696,0.8111378163580905,0.4886190342304433,0.40091926535655853,0.42798447746551127,0.7810024790507502,0.8285972413691485,0.34097062631182906,0.06935122146922423,0.6026324570669661,0.5298972271465621,0.8742009084318774,0.8887888175305794,0.10284707197611431,0.15888862272748971,0.5106210641161981,0.17925523778475272,0.0740042427716423,0.059047783696040135,0.5967479260520572
0.6329830139358927,0.3875226018077498,0.26862705665463715,0.008718774831650178,0.6125041535959568,0.006862667029785996,0.8328160845648322,0.596181604290249,0.26306459430008866,0.2968347461947154,0.9538716379702854,0.5811017686405102,0.3595567711399077,0.09067100113246007,0.2875203609948347,0.7911169465542991,0.01972657361544683,0.8226363598315276,0.46674846259639313,0.0,0.7239497364338692,0.15778400435138296,0.043001950364290886,0.014351732455640809,0.08581824416757522,0.7053781707126099,0.1448547317260227,0.17092864968681054,0.13210073365852915,0.6191351303678032,0.9631666925344036,0.2207271317645496,0.40323294238984064,0.58548413512224,0.38586580982669916,0.8791204073367564,0.8432607499374503,0.5933537969805895,0.35750670528424955,0.5717524886756871,0.7006431067195016,0.8594026504591521,0.9859822459470149,0.4924647705491454,0.054370384690713536,0.294471847643232,0.6683760715456883,0.47561201321087365,0.9717407670439064,0.47184242598674975,0.4944088717976818,0.734326799869681,0.7091762751928736,0.6703841345613593,0.9786754003356553,0.8269608638212467,0.3747669003523806,0.3012983362053936,0.8370149231632984,0.6382826423466561,0.24072549112034713,0.025692006697293213,0.42783761624553995,0.4481979693214948,0.0342781945430608,0.742531449204799,0.9181519031215986,0.8801175749992349,0.4966414408508908
0.48458492905148676,0.022160649307944702,0.6577514749555351,0.5175417867762262,0.9004896035238221,0.2954718126924145,0.3418515289051318,0.9008017009473379,0.49165134645782027,0.4083425694157481,0.3155525289245029,0.8099191005038449,0.5384634921657638,0.07966547871126095,0.777173301586805,0.7334074026637258,0.24594873031367337,0.299962405691963,0.42504447923981603,0.7239497364338692,0.0,0.7719475604105575,0.553608283418729,0.07158150889298054,0.7052627189984435,0.311941573029733,0.9962653250409361,0.27579201888611893,0.3705177565882516,0.46016604509942005,0.7313647395036054,0.561072335656674,0.5887199424474638,0.43207715641012445,0.22408628599491665,0.05326791750858484,0.35362769123755555,0.5182596614990875,0.7693142281572964,0.2762226340889715,0.05470097078661196,0.7282625541921532,0.6922470262574218,0.8149801149399873,0.5541395540304817,0.7326417354201062,0.7703684112793241,0.6289873940598931,0.48581045343540374,0.9180553109163463,0.5797421880036568,0.6554240678655665,0.9324099470042222,0.4753279904369956,0.4282268991742979,0.2710336154531374,0.563699832435087,0.9254288185335167,0.5825159614420077,0.927904412610457,0.4371044326564941,0.10338874188679092,0.10600581845526302,0.8865390690794601,0.5094762298791535,0.008888268305893288,0.40344848441178516,0.7190382714122785,0.05579357879445679
0.5542076465875605,0.15337849544050797,0.29485629062910457,0.9505925477051285,0.992528413941338,0.8228093931468214,0.07843673388244876,0.31514077068069857,0.4260751552151818,0.07459202221066263,0.7821547708527865,0.7323646185260786,0.26601249699925367,0.962986439589935,0.8122480627303434,0.16019074413415346,0.1669530696217787,0.6965765146852427,0.5326781315841604,0.15778400435138296,0.7719475604105575,0.0,0.16417010989019132,0.31450416983291385,0.2915530697443913,0.6365634616336249,0.006592094869063203,0.6606357424832712,0.4418405386746942,0.9238224766537593,0.35334095734217463,0.5857873527332238,0.780706488001347,0.5217735526111877,0.29235120437398066,0.6815927709325007,0.8779855058345554,0.1707666164916941,0.8390309613918085,0.025914340092977772,0.9752726547085875,0.32342955108536087,0.9337816848972895,0.35360772154102116,0.19794875253303545,0.19076961442573181,0.5600878008708785,0.5851209054715583,0.4121803826197814,0.7105908375213443,0.6246917311592415,0.419884763571974,0.29842991224834337,0.24905844924331433,0.5713465772916115,0.9077476440035075,0.7421068314427988,0.7885871993195208,0.6678937177824149,0.9132723507548619,0.7736201303356245,0.19055854566413966,0.5912739180803637,0.16484313099499381,0.18875835902063498,0.35931162658387694,0.3581500766392607,0.8083091120748835,0.9537502756495104
0.9087713334994465,0.4254983149925702,0.1805778579772488,0.6260412483801099,0.6794137342374398,0.6577588208215579,0.3908205691442319,0.5227740780679806,0.3319189421088369,0.6871373459738361,0.6327912554911801,0.4220698630275652,0.041623722106358674,0.4914504957141874,0.2503919503412295,0.2568854048575351,0.40210744350603966,0.38068058017548934,0.011607677798580074,0.043001950364290886,0.553608283418729,0.16417010989019132,0.0,0.2652481309930528,0.8601777633064918,0.04148915748638826,0.08518425210078018,0.7791185038729878,0.3159320754939543,0.16883580982549073,0.2535166829997406,0.06397192162583987,0.8653205619392641,0.5827882336240202,0.5284733080887969,0.3686743773735017,0.0809529851150328,0.3986667754815938,0.05798994619124964,0.21142271342398078,0.6199163435638835,0.5534724127506716,0.5099109382928353,0.026752350871511066,0.5853590254512266,0.565382452775399,0.740312344760407,0.6949334582015563,0.3185884799367824,0.3903116854769513,0.9705880219618424,0.6169777256806781,0.8874910719979139,0.5012819275617442,0.32630023999374735,0.6086583190285553,0.5424222908666294,0.45174526543104077,0.8904649212222995,0.38461507897373304,0.695174397023784,0.671312910794551,0.013477087375749708,0.9550882099340356,0.336623706029769,0.13841807878389178,0.25791127494847443,0.5944901658898993,0.5313020556019086
0.3572548615532771,0.30481495558448857,0.9816573547449923,0.5418259638705436,0.5012788065531715,0.7723698624685285,0.4366390654968624,0.022109577518512502,0.05231278192790478,0.5770204303105475,0.09329672857314453,0.6607402974010701,0.20629191230882293,0.32866727673527785,0.1286413634819037,0.7954005846261478,0.15623018322840054,0.09378712213568208,0.8090219180863247,0.014351732455640809,0.07158150889298054,0.31450416983291385,0.2652481309930528,0.0,0.4973544536071861,0.46938281292266915,0.9076184049192171,0.21430460647225646,0.7308123331995022,0.7409486963784062,0.9942796254568496,0.6897838109402858,0.9412902826288676,0.016286112037127154,0.19842644293486233,0.8289096262478912,0.9531088778480326,0.11940217975675305,0.18772727552129198,0.09147438471717662,0.780805026101417,0.24705331089054106,0.4686995972849979,0.5928356788685212,0.6192665650332223,0.6597409795661451,0.42977564570554017,0.1432008333765269,0.10259122565379197,0.4866421117352675,0.23124925665172635,0.10608419917100909,0.45801972062379903,0.8703602769873673,0.5509993336492445,0.2617032267039052,0.4945765312725361,0.8172696293950075,0.8807829645640379,0.3060278436270141,0.2097484709500268,0.41855656032931776,0.023854819060579624,0.5744080509951366,0.6355128043866258,0.5465236130237354,0.2841576400332537,0.07789337963826792,0.2839115207371554
0.44547262681252464,0.6037665595474011,0.45792091086814257,0.47463684871841716,0.0807395557385906,0.14437343935812375,0.22331940183814458,0.559231019917299,0.4250589576038304,0.7717794941007636,0.33703717356472973,0.6735911486628905,0.993808953075543,0.7328148538090691,0.2660399079958964,0.4471965817564909,0.28762689291336474,0.40683853085882293,0.026761610147502557,0.08581824416757522,0.7052627189984435,0.2915530697443913,0.8601777633064918,0.4973544536071861,0.0,0.026679768488114375,0.48481960445347094,0.7264897534117851,0.1916461023363214,0.8733280428208214,0.9610929063593072,0.5747575034993073,0.8228649727050548,0.47199443934501106,0.7075730912241824,0.5086304836676672,0.2068966649018431,0.2306681954552412,0.6021147450295965,0.009303678353191236,0.6454676902298417,0.051586892300638176,0.631096487634565,0.17121801051975094,0.46423141643885324,0.9056936186882012,0.6643289148839959,0.5663793957119645,0.6667866355425214,0.7835484809309403,0.8840752106563605,0.240731504126956,0.7350376233627132,0.30153741459480243,0.3942444320318268,0.013861157960889381,0.36382730370134264,0.5806997477027911,0.03344127135254871,0.1618387073191352,0.04277697991131557,0.8895257812649129,0.05504999541991862,0.5913910229221473,0.1311562684009273,0.5271914982965829,0.32764418691147656,0.8771684702553424,0.25559820205456396
0.6217902663066668,0.9632038843612234,0.1348366030311785,0.5795174138265691,0.09301390213223049,0.743393540644506,0.4335002295919972,0.6802717206175757,0.6497150162587284,0.15205628786672554,0.20713312732943368,0.7358653737175311,0.15043881537562132,0.5203074996442911,0.3108613326656253,0.23290443734719357,0.816472724470326,0.3135972996154641,0.4107625185331316,0.7053781707126099,0.311941573029733,0.6365634616336249,0.04148915748638826,0.46938281292266915,0.026679768488114375,0.0,0.22696604771166196,0.8551821737831999,0.4456659644332528,0.8995561628958924,0.6525171902906777,0.6478426512519797,0.5389133894917237,0.3883177843096468,0.37778783305895125,0.467585001256714,0.22315855756549574,0.7555538929201537,0.7356619194341187,0.7449194653998288,0.6204014325664833,0.7164295753904317,0.013264401004041027,0.18060855716121194,0.04507644638715602,0.9933620360550215,0.7980395534489844,0.14061753967327695,0.026655252302475896,0.9880007885609419,0.9618791036999799,0.6344155369069906,0.028559923164557688,0.7491229379743538,0.8207389212889087,0.9321024116100345,0.8395464502481473,0.929583267978632,0.12125344322483866,0.2231184823541139,0.534126297851468,0.4225175116693485,0.8288131936630045,0.4218467496787466,0.7887733134038175,0.5342588129450445,0.21158715715169896,0.2471702273459533,0.6705480574129061
0.11984090948963844,0.8306764990618736,0.2607504970991641,0.3315297423334602,0.2551144045280185,0.6043505462751391,0.4383738556197936,0.453100195131076,0.663953822952182,0.610253836972797,0.164662335792636,0.9971208897028052,0.4177014819480209,0.7424422053085671,0.6509880651647164,0.24973813021631885,0.005754786676962498,0.8349196841173798,0.3801517723470693,0.1448547317260227,0.9962653250409361,0.006592094869063203,0.08518425210078018,0.9076184049192171,0.48481960445347094,0.22696604771166196,0.0,0.9297244260571906,0.3628335487773078,0.3923963909260233,0.9888776352147206,0.8697251040687943,0.7904937793691351,0.20201121998770377,0.9093932103261133,0.6834105295281774,0.619002847171805,0.16747928434797665,0.2408838137300351,0.1876796704346757,0.32010051538598017,0.1567132531629989,0.8339922670581605,0.8953656568719268,0.19195268752810968,0.5504416434988018,0.7521702071503364,0.0917419969668889,0.911287802161179,0.9128739194802258,0.6025705388993428,0.23235613587292425,0.10701072169172354,0.7797409171835636,0.3673113226120186,0.24267923451763806,0.9441544955570091,0.026025054323331354,0.14583314982890938,0.34959158227405496,0.7712183378608746,0.08311051203611552,0.1046012092826396,0.0024439340988016145,0.35577785492296754,0.7000478779989883,0.6256439130775115,0.7995268577080767,0.6583247659641678
0.15955553272741807,0.6691926063075333,0.08478880326786076,0.30771468455833717,0.4277489338198488,0.39705481534877296,0.5114872007283211,0.5662168280961168,0.10132659837762725,0.4955548603144069,0.2879762968029431,0.877134900711479,0.05407934676462833,0.9500677267783446,0.10334069052077566,0.7946149929449229,0.9321653770503584,0.8313075808842985,0.14337226009610138,0.17092864968681054,0.27579201888611893,0.6606357424832712,0.7791185038729878,0.21430460647225646,0.7264897534117851,0.8551821737831999,0.9297244260571906,0.0,0.9793243948769992,0.22449228322131298,0.9656888209067749,0.04612475251259873,0.343250389405378,0.662543879554804,0.7442841327306715,0.1546289784724728,0.46470340450931347,0.0034902905537073092,0.45353253635190005,0.11362175433123278,0.20282196146364684,0.9177152254784946,0.28331959192191447,0.14834371556671244,0.5097130092993152,0.34794391664228064,0.8510518714663582,0.16456751316854068,0.1677076339147172,0.5531400387432552,0.06759425056540325,0.910070579086909,0.9598806494467227,0.8752318878170715,0.30989445255732906,0.2387092607608856,0.272980294871185,0.46608587289985093,0.2659109311691126,0.43978929944113654,0.048242045922256116,0.26141582476657854,0.2832996124066558,0.6024615837747667,0.7213674276119004,0.6439778517091235,0.01782486833017538,0.3907266727582792,0.7545357529346959
0.5731307071420779,0.32200628538839293,0.9005735578853733,0.2402647856232627,0.8825581176800028,0.1511897015320769,0.40796364035415356,0.4628820931017259,0.9893505713892785,0.14692573093125327,0.34854741797332656,0.9416244387261088,0.17089791264682574,0.73764204403831,0.7418431294407657,0.6362006404249463,0.6100190280070479,0.5801535006949077,0.034349318713941646,0.13210073365852915,0.3705177565882516,0.4418405386746942,0.3159320754939543,0.7308123331995022,0.1916461023363214,0.4456659644332528,0.3628335487773078,0.9793243948769992,0.0,0.8975504834137402,0.164811192862933,0.817932889308026,0.2641125987470234,0.512906076164874,0.7597574863923791,0.1078934925993329,0.5674143018966242,0.15473057063484164,0.8635921802267144,0.11833582894882677,0.8477481542570469,0.8940121965941037,0.6816128608924856,0.9699122811556178,0.5709687344923762,0.031888820717240085,0.334834709676036,0.5919912080518839,0.5586825729255973,0.657422133823065,0.13631278865224083,0.2902218997831314,0.7466386213018255,0.18420067471713253,0.634672965110862,0.25558919740138575,0.41969142203737553,0.2708198275709772,0.3350958689589678,0.7486773113292946,0.9452022295628328,0.48333697841364054,0.7819940111181372,0.5636849002254622,0.7503030485653654,0.3171129040653482,0.3171857328450174,0.5046414708404912,0.04090027895560322
0.5412492045477573,0.025929354407843608,0.08863339195376096,0.34933588423544437,0.5519507718462919,0.2847223064740487,0.9477205388101038,0.14175707670203397,0.24376360680219622,0.8090272142469803,0.7910197710679245,0.3494860425767887,0.6277420650717254,0.9805469857787237,0.3896588181652909,0.3654526500298596,0.9064433687914792,0.4559963533745559,0.9291410395525539,0.6191351303678032,0.46016604509942005,0.9238224766537593,0.16883580982549073,0.7409486963784062,0.8733280428208214,0.8995561628958924,0.3923963909260233,0.22449228322131298,0.8975504834137402,0.0,0.8907100737626084,0.31150759677379547,0.3479079117041304,0.19115761245768348,0.2886001606388122,0.9270360295435276,0.1634133285949093,0.2329846187743927,0.24387154846234504,0.46869081204433183,0.8349228726648417,0.9770038998418997,0.008279157702123952,0.5052447589624285,0.7351595884916602,0.9911644135389441,0.4410833376611527,0.10694655054201996,0.8792160403828724,0.7425252577021029,0.11826050330967153,0.32054271496845255,0.6054820841819926,0.34995116007385896,0.7115361658481174,0.3362561629687224,0.3667394967474604,0.5066635935181814,0.6197606447723691,0.5662267492765725,0.4976250014649495,0.04086833949383473,0.31010455526032676,0.10844970756223926,0.6914374392069307,0.631235044456641,0.2949177242849821,0.15638912237856872,0.04375003327107119
