0.0,0.23277814313286704,0.6105719833100629,0.3291861779310994,0.874812162726829,0.20385735959587947,0.4052698975856819,0.749853447265646,0.017006651192456923,0.5459887109539523,0.27887004007843874,0.8266209639473769,0.05577753322757806,0.45598897044711406,0.04215122279727068,0.16334248889028458,0.514803977125663,0.9661697803983869,0.9613251705984609,0.36718907305241677,0.7912752395056764,0.8100480163506829,0.22876994511043613,0.3251450748054181,0.6500290276857654,0.9507946338286479,0.3076614795263084,0.3942123917905638,0.7082762550733954,0.19615263715809683,0.8982401990421605,0.6912185741602654,0.0783573475149335,0.3132758560263613,0.23544763541244595,0.8423305072029454,0.12996392744018714,0.7393215440252119,0.27518606513184873,0.6405390588947435,0.7813380984999105,0.018355334742140572,0.3453982232310544,0.724288809181411,0.7877990433512336,0.9043597397622889,0.6704776669619483,0.7775992020379137,0.24353476423017617,0.22727574497028735,0.9409771897468233,0.9926457723650846,0.23994761916977092,0.3810825591094378,0.6540951540455404,0.5284728069058882,0.8169212152312013,0.4090113276188505,0.397761688760375,0.09639156339766286,0.9772289498681235,0.12043487966915167,0.8775576609013964,0.056282697853810015,0.8883206710316975,0.26404784888829314,0.8643391449892188,0.771226459296873,0.21270058043047113,0.958843535010599,0.045417870629418156,0.07921059633907301,0.18108331306935144,0.23459173385350707,0.7336916507101536,0.8202682437414028,0.2369325100237616,0.37872249819821,0.25341716864053376,0.49685616582901715,0.008892735555838582,0.33831813244300335,0.7653505353223369,0.3199352907435362,0.7014942370402866,0.8537078212298692,0.6236274587215003,0.06864050571652913
0.23277814313286704,0.0,0.8730723703620904,0.639389726109483,0.4425539663458844,0.391642415770993,0.11607671196135683,0.20824023368663602,0.9680511954686624,0.7386158230707935,0.22847570781665105,0.5392267325408813,0.6223695823328852,0.7535093767920744,0.6652145416399378,0.9093087786868166,0.636262355116394,0.49622072149315155,0.5671697493841386,0.19610119245915603,0.16484033731746472,0.2556168436874555,0.8030587199436927,0.3777065477718302,0.31222903293583815,0.3551341153815186,0.32101458161167296,0.0481646134785334,0.487296429572063,0.8716206330546763,0.21597830460861722,0.9686184685841732,0.37190113800063074,0.647378570081125,0.5060346707900742,0.8883222382011722,0.8886367975921079,0.5101012315199334,0.10991041106922772,0.5029459552592095,0.8355404570194978,0.24072863615285267,0.15512445820976195,0.18862489618076683,0.5732372479195751,0.32395195344103,0.2620532071737902,0.6158342330641438,0.3437509781630983,0.09397480837971961,0.8978287907215221,0.9915109845348322,0.3541358627401554,0.6213586446259454,0.17106569072018973,0.629762592483651,0.8982636933094366,0.4548363840770211,0.13501942967821523,0.2995822474575436,0.9645990558156774,0.33976682176150574,0.8393594441877505,0.3093284048999052,0.15452098145695126,0.2538201118744283,0.38340466973411225,0.127315485959965,0.6984295002117538,0.8914039328527457,0.9498297397299389,0.06084525504823102,0.412731074424189,0.5635501233387779,0.36785499274683087,0.217955436283908,0.10285527879226453,0.9515481436209006,0.9804128463628026,0.15877001701932247,0.18939748677598933,0.5232776834461035,0.5775165934761279,0.5692078454774425,0.7079672501738776,0.7220281303210034,0.19525610277830574,0.5645840298361344
0.6105719833100629,0.8730723703620904,0.0,0.32303267344592057,0.5709504897839743,0.20516469891056155,0.5067198770379997,0.8324444673325719,0.6429820544948299,0.399861659211481,0.45091209594981696,0.3026913912262883,0.18214472813534566,0.2521157519845003,0.019564159799901892,0.9655768171301411,0.2698041118193273,0.7944902512220071,0.7966855501158927,0.37016884889260737,0.48526935574601104,0.6925139632913548,0.39322560660952366,0.4637845193895862,0.568579330433512,0.9899026212717024,0.7855564917360478,0.7655328456674202,0.020636911055045726,0.7833805783457546,0.25254335843590714,0.32389297365572145,0.6358514946542748,0.4691507957477079,0.265937630645229,0.1981454881898823,0.2884088423907467,0.8183859036466041,0.5756392294881916,0.4496552159818854,0.4608408354727662,0.7361126864339727,0.6047824436144791,0.3458071755080798,0.7194070212860293,0.33570578759259617,0.11200002626906458,0.9848698182380999,0.2835075928095705,0.5636106051918954,0.3568218743013827,0.9813037274410947,0.08738171231101965,0.5975229898109586,0.1091961040740912,0.9297271351467697,0.28455661611474503,0.04222613575281953,0.7971441975197184,0.42547180395710993,0.9344055470481831,0.4638339539982632,0.05195325607937096,0.2542829363863124,0.8236508401376912,0.16231330484533624,0.33932721957965795,0.4434250758476628,0.3994238644267589,0.6593302885551342,0.8184063519360245,0.7768073033399492,0.9132728921948117,0.9898647592719805,0.5874096995453806,0.4738827478843606,0.1533554514633404,0.18364916111962315,0.9387024619354909,0.646683511423761,0.8244745381534422,0.18289903992568912,0.4943222652787993,0.9891579056366391,0.6452782895668265,0.4005912656546411,0.2226897022301333,0.3021701667017065
0.3291861779310994,0.639389726109483,0.32303267344592057,0.0,0.9907173652612353,0.8211385452997417,0.8814132327280602,0.4446240189631465,0.5353397729138665,0.7088885990444891,0.3663583342815411,0.20085252181994595,0.03753219245005757,0.08919396317405104,0.46016289590452386,0.37264162535538303,0.4966822975020426,0.10490473565740976,0.8455350045197496,0.321066798378967,0.3360907655829486,0.016221227268810257,0.16567480662587153,0.3274764760505713,0.7708716953335593,0.07631695310285469,0.44410540940759735,0.8033325444010815,0.40660119064246647,0.362535862966227,0.5093112844099803,0.6973421558789945,0.761620267776369,0.5923290719053993,0.37517592999912486,0.7558059492598457,0.23854602369647449,0.28337522111917535,0.828316506176892,0.9023610981566468,0.14367065130825463,0.1294993692991815,0.9517418835027487,0.1977647708959276,0.3796372589603476,0.7624632087446572,0.8739961563503384,0.058799991806557594,0.49247611180292905,0.8210440683542843,0.6017126459150779,0.6544542799462953,0.9888802342890346,0.7506865368899878,0.5870861770825644,0.667140007785274,0.9841997178033932,0.19669845736591873,0.6200121441735433,0.8752415496895978,0.6133522700511302,0.7670575317732917,0.9662037624604216,0.6595299284064728,0.16056442270039772,0.9815496776735686,0.3935553374704879,0.4706658920017355,0.8623633578236432,0.6310582664645787,0.3567406207321069,0.8025606255517244,0.9407124835976688,0.045595890587970755,0.6187711053602913,0.8719555363648843,0.20608097263319158,0.9464562624930251,0.7120049408344795,0.2596223915727818,0.9022956224945609,0.1769464826535847,0.6257426427706723,0.028925526181995842,0.6982167808940862,0.5480805794401937,0.31893150907132495,0.27027162962888585
0.874812162726829,0.4425539663458844,0.5709504897839743,0.9907173652612353,0.0,0.5401099761966848,0.36862680166778294,0.14765855409372453,0.10707517676742118,0.3407455962372947,0.5268342683734757,0.6056001682987506,0.1557208447510512,0.8646085292096912,0.2402254730456188,0.938877432124775,0.714603688796579,0.1203863829593752,0.8263024287373795,0.9477705967195811,0.020671761174940073,0.36359670757953055,0.5306704854671715,0.8410326573336213,0.9280375251836572,0.08522042807887664,0.4366336147298815,0.30224696918337,0.5490824979077071,0.8219232481443808,0.016813109658784686,0.8058962601334299,0.03601974226476834,0.05346028625669863,0.24407491158776673,0.08820341139175136,0.9846935105188592,0.15558944783050377,0.8291105853317462,0.7853695145811892,0.6134757770690402,0.8472417943069519,0.00012413974746117162,0.9957326178901629,0.3668019288015021,0.7890077607050254,0.06997391085229987,0.8426011538566538,0.5724598732409085,0.8917768254872713,0.9196810610235029,0.9648846834561131,0.98893867967437,0.2171513260280078,0.08771283410395991,0.14707117901983469,0.04715808753448525,0.41385495653490634,0.35445145909151443,0.34446604950537996,0.5079398297039306,0.7850109181904406,0.29068531398987085,0.14485498174979994,0.7985150971898258,0.10741468240293872,0.060881427510421915,0.731319699545383,0.8989855534340481,0.4783571935530888,0.20146519578208077,0.6703851013581876,0.44687242716279796,0.380443320929879,0.4859920592817175,0.3609509538668805,0.1889436719788491,0.9372144260201105,0.36748280484543683,0.22290950263474651,0.24460037980803628,0.9095122777319469,0.5579122353631942,0.351611755686416,0.426305050048321,0.19387762785178486,0.24167296897563917,0.4827791329689155
0.20385735959587947,0.391642415770993,0.20516469891056155,0.8211385452997417,0.5401099761966848,0.0,0.5273138855347859,0.002454673181526257,0.19016475284255474,0.8609635359842451,0.6674062352271386,0.7040407886816085,0.8176764731012738,0.17167876379926517,0.049837857618376,0.360676533502176,0.7130047239452333,0.10634724160943865,0.8848193626838625,0.19131306631365907,0.5712076171656477,0.39628805919143795,0.5722417227974073,0.8795035398339446,0.23460374265975892,0.19997280929043404,0.7028685864996227,0.5338834559660375,0.273614807967435,0.3112138710994117,0.8190115348872715,0.4926633251900856,0.18279858095609303,0.4355703109571458,0.17801943739978565,0.23649593178006056,0.47404997955542516,0.3245289507065243,0.3307963154805018,0.11329635193103127,0.5192523146548456,0.5693166990102712,0.9289906940138508,0.09738022586938189,0.5438929704227631,0.012634582687995888,0.9488462535618274,0.1849063748718609,0.03596098294933037,0.5490616114754634,0.3963198382804456,0.24867938234167397,0.048067793052668284,0.8431619119656717,0.7713714327691006,0.3551581611025021,0.8632118030492235,0.7718137235248779,0.26911195650676034,0.46428347237913026,0.36329711594165914,0.4431073075227878,0.40395966883970025,0.191201110515979,0.5867455822139822,0.9904531862241686,0.7152777022658106,0.8083182259171544,0.1695001867012531,0.6715643334586074,0.2029914709740106,0.8793225444794881,0.6044436690011907,0.4209945515279192,0.44121525193719857,0.1283397965219284,0.918132647424516,0.17055411494235173,0.24958001487500092,0.17012873668355133,0.09157881328119699,0.210197842281731,0.8684975111259381,0.09414489819168348,0.7554752681609196,0.6221505090684105,0.19197187202413635,0.02204482777974781
0.4052698975856819,0.11607671196135683,0.5067198770379997,0.8814132327280602,0.36862680166778294,0.5273138855347859,0.0,0.9331416236905403,0.48574342303484896,0.9100599611287714,0.54527809923524,0.6490777733479989,0.4008947116661794,0.12033688121914587,0.7697981023774889,0.8716839397841303,0.6724857816313992,0.10940325002643858,0.40339092960820966,0.6391138906445284,0.3627357844361969,0.6448244388438575,0.31060550041485735,0.9187627407061687,0.842692631399256,0.07167337940651786,0.07132631648204857,0.8748607214653099,0.8939112004644729,0.22483645122556029,0.6744562373147935,0.5587744772776975,0.793663262659706,0.7140202366537083,0.9520160213153852,0.5509122784371996,0.20724931016099846,0.35038253437182076,0.6186631518326238,0.020635816232636106,0.3771504112807822,0.3644495648879078,0.3434971865568286,0.9011930424082792,0.9108274737619872,0.863408830995267,0.3623599621453715,0.8716315315617447,0.05321442840300383,0.9255091276731724,0.533632453207922,0.1656267465618959,0.7863840232637747,0.09037584895533057,0.9170721065330818,0.6495335494201679,0.5321659013721318,0.029165049819248168,0.8763022285890536,0.5599950641004812,0.5404063263828596,0.7619812247060636,0.9483942557384042,0.25440486972429843,0.8871857593251029,0.133047323273632,0.382310748363327,0.20785782344573356,0.6472064095864467,0.24492832529933972,0.981597931153763,0.31488508136653914,0.7234489122600116,0.7471122051953054,0.4553546119721601,0.34837824271985607,0.4420449734308678,0.10569235900381013,0.27233120965013646,0.14577022937513928,0.8454369823622752,0.7390604795388303,0.3140637791609089,0.6119666858592867,0.8577223319952492,0.6209773809776749,0.5147066435350718,0.8678052460778398
0.749853447265646,0.20824023368663602,0.8324444673325719,0.4446240189631465,0.14765855409372453,0.002454673181526257,0.9331416236905403,0.0,0.19413507956408482,0.20946573575745586,0.5629127225131372,0.3831876217386929,0.8267627168538871,0.2694073924885372,0.9050379116824065,0.6080853549945835,0.8020254389710457,0.07752135529895088,0.9061820549937594,0.5594749889349859,0.937811434610782,0.44274913504654756,0.03164683473351437,0.8645105748754607,0.26782399284765646,0.025487244981365675,0.27962221204567217,0.415448503459503,0.7938113468605297,0.21290772917356926,0.9578755978221505,0.5324058213523442,0.38126249027738157,0.70829937458375,0.32453605579807654,0.6767180866096745,0.25335017432210116,0.5634281656970168,0.11571676661995722,0.38575135794965365,0.4700069886513676,0.266137972400202,0.3816302773159437,0.15185476930286912,0.09007364167412657,0.34990220413111106,0.9046437796097586,0.8051543527582632,0.42794981289967615,0.9127601726661123,0.5818037908031073,0.6413511585017706,0.5437119113686806,0.5414655800084323,0.4756291140512414,0.9276813285619947,0.009716568136520332,0.9492450552215139,0.7626251102206159,0.5880733785906866,0.5069042726559723,0.18138891727649153,0.5566013336438052,0.4042760413369135,0.17219714344326031,0.9850081886932136,0.1550742979822035,0.35653316569807614,0.5246416879133227,0.8634540817862559,0.8638745864701531,0.19246023151179625,0.5836214238952997,0.1910306604357943,0.13246796859172472,0.27354918157891506,0.24426590656993463,0.5621647530213258,0.08077008325318591,0.2830087162402084,0.7064974395869374,0.80391388357745,0.7764505534973205,0.02770070796088686,0.7774100174867526,0.44398622763368367,0.9304670743099226,0.5666181882219778
0.017006651192456923,0.9680511954686624,0.6429820544948299,0.5353397729138665,0.10707517676742118,0.19016475284255474,0.48574342303484896,0.19413507956408482,0.0,0.26777166325644686,0.9624895421595827,0.7099869587483285,0.23546686405547468,0.6462831635940176,0.8920350754549058,0.16764260246291984,0.33951442739180315,0.9731442387955438,0.4754588760117415,0.45740212899213883,0.28671045304180653,0.37873953605227495,0.3491858170784674,0.048901699114327846,0.5084646782704991,0.16654306526872054,0.1173062620483063,0.32159696884659494,0.1709485891632163,0.8261894018948739,0.24475698354956044,0.2276643655398558,0.03554484653619472,0.23950863909560427,0.6729536993089555,0.1347140191170213,0.09336891636345546,0.2306878778151924,0.017264364500963136,0.008439227804040383,0.4623585478655492,0.017482093025604106,0.6509906902116036,0.9473988449072803,0.04732396130252048,0.4756141604095947,0.6500274020382208,0.47351969476556754,0.27353386632544363,0.1957608404112985,0.45644716580102784,0.862962810458775,0.4539556557584925,0.36984493219475745,0.8009371622619694,0.4350785492530882,0.015198401001708106,0.8568215592156156,0.13320510521342466,0.8501678528550127,0.20028359099610915,0.18322585421296989,0.3106572689650309,0.1961228689189347,0.26085247425241365,0.6845428732812255,0.9355150216674306,0.18624881607430055,0.9928396186124282,0.9308392224302555,0.6953372955328727,0.8355338500863916,0.8121067294256281,0.6798850281489455,0.9352307524325818,0.9628292446503497,0.18811742848077206,0.8751206582411153,0.8952800158912624,0.8985521322944241,0.5450361768821959,0.3217684329519406,0.7913319363994555,0.5970031075100466,0.89615934459274,0.6704463717092015,0.14048938865160454,0.9708159307542246
0.5459887109539523,0.7386158230707935,0.399861659211481,0.7088885990444891,0.3407455962372947,0.8609635359842451,0.9100599611287714,0.20946573575745586,0.26777166325644686,0.0,0.5771550672322405,0.9279983772355007,0.46272451963867267,0.8907359219323892,0.6784912140314083,0.9287524536646876,0.5986800880879752,0.09433521317261007,0.8314931834100603,0.14032447923301472,0.39407205127456724,0.26215892777419825,0.47977244544388853,0.9466479828741647,0.8470831027948693,0.030726654928982855,0.9820300150766801,0.10839907888608535,0.37047075352046144,0.8838615311934752,0.381124415543026,0.6419768393128276,0.3728861688528553,0.4993480708075382,0.6890446584947107,0.8354797638120777,0.16268587180403382,0.7202244345370117,0.02994841929328884,0.6903000683849361,0.47308014983863567,0.930727323697351,0.3961904117876285,0.990054083873708,0.9194816614141867,0.9180420386473114,0.9165722033698751,0.296993431108469,0.4997847402947937,0.0810029539309407,0.7012803438447923,0.8996414816577578,0.3433044991276435,0.9382066465335865,0.021626900948944927,0.25391559672417263,0.5403924023983016,0.13600525457583856,0.13301809100545303,0.9850000948230504,0.29573979340109413,0.6675013461175743,0.7458360311149146,0.9818436955173024,0.04839566587716315,0.12052935316904856,0.2126207995904621,0.5232766709254908,0.7504477257449029,0.22039138590884888,0.7164344067951569,0.6103439495165215,0.04087186436532475,0.25749716886874086,0.6174956608144455,0.8642855162122693,0.7643887472211788,0.6146383055951172,0.36978867580870767,0.9076545934081279,0.40404875879714575,0.5625560532711316,0.6221336687041497,0.4089031958363183,0.32835092187580517,0.8505035793327902,0.9615081940632737,0.4015869424288867
0.27887004007843874,0.22847570781665105,0.45091209594981696,0.3663583342815411,0.5268342683734757,0.6674062352271386,0.54527809923524,0.5629127225131372,0.9624895421595827,0.5771550672322405,0.0,0.7814679463634324,0.7797090516305663,0.8296686205055708,0.31988299616381455,0.04422074622503036,0.340238142542602,0.48623558430230895,0.8330738131368625,0.04858536801732716,0.12450940111450759,0.7122051139094494,0.034681956364571276,0.11494950582479602,0.530873701197496,0.2703195867122714,0.9407407610519756,0.6901128263721139,0.4807296347642658,0.46579744455950345,0.8768041138777225,0.46543857311967374,0.8033117447153812,0.015696401762407497,0.5349977128965986,0.5982726686734472,0.8908049762492529,0.9015918437856949,0.6151810526678643,0.20088541407860028,0.1296600055569066,0.7606306938792944,0.9996138182381771,0.17182048953855245,0.7801317587813159,0.4683332318530773,0.07152256417637104,0.8279548984338865,0.5445371971847781,0.228246577518042,0.19956560716525984,0.046170288544233884,0.010329038768358112,0.2482477860286454,0.39386797535447915,0.720346147506796,0.5928288066686638,0.3077511973539333,0.42809201473889735,0.007916103146125675,0.5670689124035788,0.7646659055352285,0.8012971272110359,0.8090519843353989,0.0812057803240096,0.8961087997502921,0.6971587570553188,0.5606828695771853,0.6933338164946752,0.6863433774240331,0.6754855130149835,0.4478367674273409,0.7671541286217334,0.09692221062674089,0.3793422389200789,0.33949119621069146,0.17835947246752215,0.693743193629087,0.8759470412559882,0.11809803266101904,0.6211922245913897,0.7003747919128744,0.4549449617727286,0.9406368144264798,0.032264553173805055,0.19497799826634798,0.6238186709415137,0.9042599140309835
0.8266209639473769,0.5392267325408813,0.3026913912262883,0.20085252181994595,0.6056001682987506,0.7040407886816085,0.6490777733479989,0.3831876217386929,0.7099869587483285,0.9279983772355007,0.7814679463634324,0.0,0.3346202047971234,0.03369217000731406,0.9387086969760909,0.48673082555291103,0.74042518066991,0.7629656726967546,0.09994324560647638,0.33444650091897943,0.029934435223693434,0.7506673157804904,0.7575014220512117,0.38225139060079494,0.1083033960151254,0.04550014414636583,0.8700607701696017,0.11449498309077821,0.9593053243705054,0.9251098387948105,0.48839440922019794,0.8947596465922145,0.3239296819526949,0.19253885977830598,0.45389786399414866,0.40536982563703394,0.6426713202629653,0.95287572548827,0.5981215690734865,0.9130543115776224,0.7018805591705148,0.8840896756885008,0.6371346078510896,0.7332057753079422,0.32269422225789035,0.6927791869512407,0.7732267277830709,0.49928872259911117,0.44794125094496207,0.995894114874099,0.4184559796840377,0.0006689524721981144,0.813613587324512,0.4684604303646418,0.9784349350129071,0.6912648697089987,0.30971556688320967,0.5051497050074698,0.7909599349709981,0.8338587043384422,0.6656706311143556,0.5675412302860736,0.7641640440569133,0.9894062518781088,0.45292490194013424,0.2523404048426583,0.09595619140593636,0.4083612520626241,0.39543130932331394,0.4318049402007118,0.698545817053364,0.5065545387877046,0.3951467665013013,0.9340525433422691,0.30663218972226747,0.4677862153400505,0.23883590576147795,0.15547564994192165,0.9719755039199722,0.9261522108117124,0.8824358716432437,0.6939971747335081,0.6127552756780501,0.0624310380107167,0.15162325692160383,0.04579622137247674,0.6853763837958162,0.10174138137627908
0.05577753322757806,0.6223695823328852,0.18214472813534566,0.03753219245005757,0.1557208447510512,0.8176764731012738,0.4008947116661794,0.8267627168538871,0.23546686405547468,0.46272451963867267,0.7797090516305663,0.3346202047971234,0.0,0.7682941643358663,0.6962770185998364,0.029672445065512587,0.3235528774396319,0.20548842544951573,0.0928945606669549,0.6134782253664006,0.6492655669362934,0.5975584383228496,0.39516670747961324,0.4865504731095751,0.20589306925464235,0.5440878153215614,0.9156581662378496,0.5473368641443732,0.11909312098921321,0.42528187878065604,0.8385868544722446,0.06012284585524719,0.6487286584087884,0.5484235689681156,0.2557269085850109,0.6150655953784594,0.9532024623607054,0.18654360774758905,0.40921276840029197,0.6579544165367481,0.330429370153994,0.9128318943201017,0.16578413151946791,0.41095659471101054,0.06139466604139998,0.44653971397664227,0.6328888660468925,0.9514188878156637,0.4299044551543052,0.8809074266820582,0.8930927273219933,0.7484761742024721,0.27275458706509803,0.04726704991869202,0.12712604042143805,0.9764221505983561,0.7906841765942547,0.8151139561883043,0.5180018860691753,0.9598374290094807,0.18005094618795892,0.6725312872442002,0.1932933231832672,0.2709753869643441,0.5430333891988481,0.7912487459884265,0.08333443161974818,0.09257835203364406,0.9696534088846995,0.6154673719159687,0.5017940898335764,0.2725903951439308,0.3880808802072493,0.7969262984574779,0.28893849668873006,0.3179392328718338,0.30532081588643467,0.8864213113540058,0.6116148819074121,0.8872590995836176,0.37559680882023283,0.021245292082019862,0.9868802440999376,0.8551934075087191,0.8010527787486843,0.013906830701819084,0.4344819725752893,0.21483359461063856
0.45598897044711406,0.7535093767920744,0.2521157519845003,0.08919396317405104,0.8646085292096912,0.17167876379926517,0.12033688121914587,0.2694073924885372,0.6462831635940176,0.8907359219323892,0.8296686205055708,0.03369217000731406,0.7682941643358663,0.0,0.35219959600380446,0.34035706467987303,0.9753653951240624,0.919458378090023,0.2920666473516378,0.23569611745947383,0.18396549665098316,0.3769764450718849,0.870806901383234,0.531933090153212,0.9000746446608765,0.4994848589283727,0.5541521315210751,0.897612560082353,0.08959758776931359,0.5491991106148193,0.9050840642404001,0.9609199240119062,0.90261889882606,0.8814184599252839,0.6463488450527144,0.35240874689756385,0.7608384146893712,0.1085527764149854,0.7189003246374792,0.41424827273253784,0.43703002000277746,0.7389194866841531,0.8371724677071379,0.06795615806201383,0.14170005093788052,0.0617972852046802,0.6233717220642556,0.19083647649646784,0.034793679713593484,0.4696555502213495,0.9151962410377685,0.21318793842597028,0.030693820541173755,0.036021688013859965,0.4654418601722523,0.17146201823724594,0.16580224593075,0.7379410233591372,0.7753690161332003,0.05954033822755522,0.8487262337616783,0.8923759668393347,0.2178953741373224,0.2616585464628205,0.26172433708432585,0.13365776387014905,0.7608410235785523,0.565296777433639,0.8781499980303724,0.4941457898827766,0.3744114859887213,0.15957261723544636,0.5923922864839137,0.4405432682592969,0.8349229372174418,0.17502496447067384,0.4668147667239322,0.04105293200894544,0.8170587489470438,0.988464956823095,0.40526406247049973,0.8854488019453874,0.41569948395942324,0.8499843969961101,0.2102610260792399,0.42845834596258237,0.7432133467337856,0.15047867072937127
0.04215122279727068,0.6652145416399378,0.019564159799901892,0.46016289590452386,0.2402254730456188,0.049837857618376,0.7697981023774889,0.9050379116824065,0.8920350754549058,0.6784912140314083,0.31988299616381455,0.9387086969760909,0.6962770185998364,0.35219959600380446,0.0,0.45720401959955237,0.5691412086883589,0.8370096151845399,0.9838622641568864,0.5800703025901506,0.8918711897107545,0.5185501983426763,0.920345924726327,0.7047253490366256,0.021435093863378274,0.4415734638373001,0.06389677972205332,0.6857584785519872,0.19216618483670644,0.7751637383321748,0.489412409309119,0.740291608065794,0.6830692590547096,0.14491536988571485,0.4034582277596004,0.5893071297881258,0.9363474874963587,0.6681293206750136,0.13318303714319701,0.8542178129884757,0.1633519919666473,0.48239368704891006,0.7290114847598403,0.8946745886727379,0.9205520132900484,0.013413651029722917,0.2986777368848539,0.07491517815493176,0.052399208958583854,0.7167222943320279,0.2712826777617332,0.6418239100723173,0.013631654383586822,0.4804879098325108,0.7666268373835374,0.18546795877675692,0.8177065955941196,0.16802993495020235,0.053669948904849774,0.7487833138490405,0.46187498698860385,0.8845586458284371,0.7061609840375209,0.8589135974327202,0.13444657438793195,0.6280471766794882,0.6733058082320533,0.10243940353195469,0.7697994801595451,0.6774523972180166,0.7459828487009132,0.5989843657133336,0.08871896023195514,0.3693148298837545,0.7758933547426488,0.6826469407417162,0.006046099622755152,0.1684661306805928,0.5281296497712233,0.8564839252482364,0.6213441286991226,0.9670165679550675,0.5680530179241317,0.2760885239859199,0.07856267528169747,0.8277342884067307,0.22247767968824528,0.035307840412583724
0.16334248889028458,0.9093087786868166,0.9655768171301411,0.37264162535538303,0.938877432124775,0.360676533502176,0.8716839397841303,0.6080853549945835,0.16764260246291984,0.9287524536646876,0.04422074622503036,0.48673082555291103,0.029672445065512587,0.34035706467987303,0.45720401959955237,0.0,0.6998553781583998,0.9627806288584344,0.5908577380864373,0.05639424966352169,0.1247326287742947,0.3412869756345487,0.27175340005578774,0.571435779136447,0.10651185374930727,0.6250544654030146,0.11890676816101609,0.2847492267716425,0.2553085031198581,0.11758857691644153,0.31599288406207027,0.9866621198244985,0.8128893990883346,0.6123460548184765,0.4724497275252444,0.35554814564897375,0.8676020737939343,0.9673238320023236,0.9149209080081142,0.8436024037077579,0.6941471452099424,0.5162186179652462,0.9381355483461082,0.6309094193970295,0.8601340259232826,0.7753638130396852,0.19094168136085,0.7165268356817891,0.2624041389485505,0.34855842638872914,0.581523612937056,0.4757874029822413,0.8723408780144275,0.9758476569275476,0.21973205701644538,0.9695129892253362,0.6823258261181764,0.506665988665925,0.6777123772532494,0.003067731738894075,0.19463008947657223,0.43851634491708036,0.19391610455899277,0.7553198679965694,0.966018793743048,0.7088055391342798,0.12929832724187218,0.8773241406434693,0.20840977481661094,0.42765390380995716,0.5268081582273438,0.2929357125981753,0.9049803429471204,0.2915024658294343,0.3056031980272964,0.9622834780939002,0.4412055780035571,0.4975099489505972,0.17866471333503875,0.645476095201736,0.17899482435506453,0.08861322426191398,0.018526529337769215,0.7710270858800197,0.3591181891615327,0.7623391126117227,0.2843661247589193,0.6986068638727283
0.514803977125663,0.636262355116394,0.2698041118193273,0.4966822975020426,0.714603688796579,0.7130047239452333,0.6724857816313992,0.8020254389710457,0.33951442739180315,0.5986800880879752,0.340238142542602,0.74042518066991,0.3235528774396319,0.9753653951240624,0.5691412086883589,0.6998553781583998,0.0,0.10153340850113346,0.05775349249249473,0.10216203184485773,0.9376079684550773,0.9090534302481685,0.4539968018892262,0.4841708095281596,0.719514429308415,0.15879354288668557,0.1980100712309638,0.4337683800211545,0.4900806267370661,0.4608837902448286,0.10099083142141807,0.6023012267322816,0.9552266750037117,0.8146540231132424,0.9414269582536625,0.7947731386510639,0.6198653299755836,0.9997291694556734,0.4751567668855601,0.25113024186224786,0.06415834390018404,0.6510409827491832,0.8434389743394395,0.31835111388626247,0.6677291090060784,0.77575763142954,0.6144443783764277,0.04239265071075926,0.5865810792918305,0.4049891356329156,0.2269225787709539,0.8967473192673088,0.8403290313993736,0.3803396877651368,0.3173623709899116,0.3304678956223579,0.05842137545020809,0.458037257040218,0.20386326688109868,0.30657505131186147,0.5471665270191464,0.42168663921834626,0.12744432387692894,0.3855887790353836,0.6719543321914871,0.0486761149283963,0.6210477799495455,0.5867569667191221,0.6587386262854957,0.692601694633477,0.4862989819493604,0.9180149008840848,0.7155275827617238,0.3442942822550148,0.9827419135349968,0.4609108188041253,0.48250021450237135,0.24985846855275384,0.3611841129432436,0.3585142843240714,0.5025600586835983,0.09184941284025427,0.25759965202724255,0.5492437685275935,0.0012649493787137978,0.36504128650717105,0.4440702817014921,0.8939589117721998
0.9661697803983869,0.49622072149315155,0.7944902512220071,0.10490473565740976,0.1203863829593752,0.10634724160943865,0.10940325002643858,0.07752135529895088,0.9731442387955438,0.09433521317261007,0.48623558430230895,0.7629656726967546,0.20548842544951573,0.919458378090023,0.8370096151845399,0.9627806288584344,0.10153340850113346,0.0,0.24235643879387303,0.17339532165471172,0.006841158111354995,0.28573975367380466,0.8955958238335422,0.329429484044107,0.9870343433722222,0.23893292683198264,0.22147794483187866,0.9412259257087825,0.11970519005191704,0.3314091874285856,0.06497326766072775,0.24373507293751073,0.7680454224664697,0.4879875616351079,0.2998362091363391,0.7207608395475851,0.9158025300808696,0.4435975945480062,0.5004076559826758,0.7167990277152985,0.8566387903857533,0.4473411153539395,0.1576619061906841,0.7607436300046699,0.28145308465874685,0.9263063272933665,0.3000690389614986,0.8030737961925796,0.8951540631060801,0.9692395169451591,0.7216022135288322,0.1229477872462954,0.37322658196872904,0.62514256032369,0.15177092157690764,0.03346785176779821,0.302781148109561,0.5121035427032052,0.9448167114362631,0.9687348890197012,0.5604632275935764,0.3141163991424707,0.6530965210853246,0.45180428515392057,0.1947471971237289,0.17795772843663094,0.6392191590669238,0.11400957141835288,0.03711937280797728,0.6647029203911847,0.38198148030124024,0.00393000817087108,0.6562301637768762,0.2903852553118784,0.4450832206720161,0.2889750946772984,0.3486365551350785,0.8578491697181754,0.8458050466006386,0.20572059771939433,0.6857116141578607,0.203360250282687,0.4012880198538573,0.8862797906321107,0.7695717931656247,0.9607827341971786,0.9322356151091229,0.2128693362952525
0.9613251705984609,0.5671697493841386,0.7966855501158927,0.8455350045197496,0.8263024287373795,0.8848193626838625,0.40339092960820966,0.9061820549937594,0.4754588760117415,0.8314931834100603,0.8330738131368625,0.09994324560647638,0.0928945606669549,0.2920666473516378,0.9838622641568864,0.5908577380864373,0.05775349249249473,0.24235643879387303,0.0,0.31588361443157864,0.4924095520463396,0.04151893501630477,0.07969557845111841,0.8260080346916097,0.6075213475820791,0.327076709364984,0.30547471081739475,0.35841106513762155,0.5037593357721386,0.1027589009921055,0.10445694645300052,0.7160115478791147,0.5714888169277597,0.46526222653517313,0.16386888245023634,0.6794812531022514,0.13851677904116766,0.0310467775519625,0.7595424919033222,0.593140731045005,0.35308982408983813,0.17162683641550847,0.7589993212207982,0.35771561459518986,0.31282849993872053,0.09079763612010061,0.4467379420687596,0.5776635879026331,0.6987894410619895,0.27145787823337786,0.9021694948522774,0.7302189710340068,0.065630880843764,0.6798644809843004,0.7199588188165271,0.08624666090494215,0.4135526572410533,0.3822351095528269,0.5962116062390477,0.2243595872182489,0.2742275213163008,0.9741617984143238,0.7442205313818624,0.45005681611014015,0.4055536887205242,0.6630433704961514,0.47491543741633246,0.28385917970871843,0.10217430586394083,0.9104382416551355,0.7225083265784309,0.22084452064264792,0.30712163395707526,0.3555060259770777,0.7111398123268244,0.405994245156049,0.7419091677379566,0.5488276458621377,0.8857883681689742,0.326603457318549,0.7066155753305678,0.994721866659833,0.8061227368868711,0.8872973104853101,0.6294084878166029,0.744307668398271,0.8497759544854881,0.6563981114763879
0.36718907305241677,0.19610119245915603,0.37016884889260737,0.321066798378967,0.9477705967195811,0.19131306631365907,0.6391138906445284,0.5594749889349859,0.45740212899213883,0.14032447923301472,0.04858536801732716,0.33444650091897943,0.6134782253664006,0.23569611745947383,0.5800703025901506,0.05639424966352169,0.10216203184485773,0.17339532165471172,0.31588361443157864,0.0,0.5419203326573263,0.557065503944445,0.8684198854733731,0.826345130141791,0.8802094731526304,0.7677999072842374,0.4740941643006118,0.20392075489551598,0.5207557723283223,0.7259656867201276,0.24848022786029866,0.03970844950365615,0.8702104510957345,0.7651786409099288,0.9546034019809608,0.6537014324913906,0.496054768060745,0.06949960800660904,0.18241402389972472,0.2119956539815322,0.06800387659267315,0.02979372475440245,0.4110269623222793,0.14959780315145865,0.6730213691080753,0.9905964627924551,0.10977939813555837,0.9941068104819313,0.7127293300283004,0.06646924941644472,0.21921186038664842,0.91179128217055,0.12110751842588541,0.480435213766782,0.46529767700690217,0.0063997515783147385,0.6140563167687241,0.2446339553695629,0.8941812095274546,0.05773963179803676,0.58672298300121,0.8355999948820725,0.835407072094605,0.5845860772196365,0.20454808459709817,0.5637489735003056,0.018851804111906123,0.3979571227042815,0.5544669288014978,0.41080041284561064,0.5796638980700748,0.5473298922308638,0.25240304639236566,0.43448433218575655,0.05986830893661499,0.845935519915513,0.20482056527012205,0.2108779093694393,0.23442549817712677,0.6623279931821167,0.1728259194230124,0.2617814604993014,0.816912780726536,0.5431372531389826,0.20417397933318515,0.6749030198876127,0.29586659769705603,0.4939552346530829
0.7912752395056764,0.16484033731746472,0.48526935574601104,0.3360907655829486,0.020671761174940073,0.5712076171656477,0.3627357844361969,0.937811434610782,0.28671045304180653,0.39407205127456724,0.12450940111450759,0.029934435223693434,0.6492655669362934,0.18396549665098316,0.8918711897107545,0.1247326287742947,0.9376079684550773,0.006841158111354995,0.4924095520463396,0.5419203326573263,0.0,0.05385436307710667,0.5008613917065792,0.8897092295856022,0.03778995407104602,0.12475684897043426,0.680191427542451,0.2275824811043059,0.4583557559388567,0.5180389217429489,0.8197584609780668,0.21555198446075585,0.15958549671195565,0.7967921470503276,0.31167976328666747,0.07763980856750519,0.031090745775417705,0.30131684034970774,0.016148275670899714,0.21781444084507862,0.5041173426752708,0.17519548855470668,0.5646329879182157,0.2266306129468505,0.33734452229813394,0.7001724966276461,0.4039705469403838,0.47936253717210375,0.6408858245482081,0.20526881094124527,0.2942976631898506,0.388207144234328,0.7315138720087659,0.37845213710382075,0.36114061735020875,0.4116284125691969,0.3794946654291538,0.6856487712391934,0.7790703244906401,0.39470108807935955,0.6511314096527707,0.5462050583616918,0.48067770135797483,0.7314235211622673,0.7912601663678958,0.22710131801867117,0.6623077008704221,0.4926463353859669,0.05117106352371947,0.11902625939455636,0.2237685172088728,0.5053953263461457,0.3154577562879819,0.5654370923821461,0.16509027296123313,0.17197578369436628,0.642600473071002,0.5592022570418065,0.7604941364912416,0.062187528734377384,0.7278859838283902,0.491309727545562,0.6265372008331123,0.4002763869811099,0.9197167354972304,0.42849805080677483,0.19915709465935905,0.6631638942600897
0.8100480163506829,0.2556168436874555,0.6925139632913548,0.016221227268810257,0.36359670757953055,0.39628805919143795,0.6448244388438575,0.44274913504654756,0.37873953605227495,0.26215892777419825,0.7122051139094494,0.7506673157804904,0.5975584383228496,0.3769764450718849,0.5185501983426763,0.3412869756345487,0.9090534302481685,0.28573975367380466,0.04151893501630477,0.557065503944445,0.05385436307710667,0.0,0.8922468981502785,0.7046983839538552,0.2629806203578038,0.11960483859746929,0.13655580077119067,0.8004800459837889,0.5145420706425856,0.27979230269067257,0.10345171554827015,0.0534631250343609,0.8311624755356739,0.3747987636744179,0.32208105927126685,0.31300006000182656,0.1744080645819741,0.07982789310667493,0.9232545967847552,0.3314977821123468,0.22468048631159432,0.3886496155068564,0.30132619381479975,0.32281128251528823,0.3272717463326573,0.004590914689776238,0.07817069545916633,0.2760955945532406,0.20854148626655644,0.7236821458191376,0.5238879761595567,0.25691792698535276,0.9437819026434158,0.3605513390903874,0.6596566195897948,0.17574742343477223,0.1323537694742778,0.07229709193795997,0.15767408674169703,0.09921420538323633,0.28309855513272875,0.6349715267865754,0.20693925994116658,0.35856073494885066,0.560430135165412,0.5279081354669874,0.7170803344764345,0.7222232389682708,0.8919346058089956,0.39748291912166467,0.8499418200570614,0.9017711593641422,0.813402657560832,0.33592618686704956,0.7866365912921769,0.922679725860698,0.06965244426578865,0.1190184477035936,0.02311796907191299,0.1443449064157747,0.270468424983241,0.39069700674260455,0.7590779359225619,0.11894293664044575,0.8338997703047555,0.6965823858616265,0.5477399498276045,0.7623130551156014
0.22876994511043613,0.8030587199436927,0.39322560660952366,0.16567480662587153,0.5306704854671715,0.5722417227974073,0.31060550041485735,0.03164683473351437,0.3491858170784674,0.47977244544388853,0.034681956364571276,0.7575014220512117,0.39516670747961324,0.870806901383234,0.920345924726327,0.27175340005578774,0.4539968018892262,0.8955958238335422,0.07969557845111841,0.8684198854733731,0.5008613917065792,0.8922468981502785,0.0,0.2974015111860586,0.9654304729509433,0.6034193989529326,0.5622800893462776,0.45852011107400115,0.44485001395636914,0.5449605902009826,0.35973330807911563,0.42422430070717176,0.038005946162916526,0.28706152968731447,0.8198174264369444,0.4298537007389309,0.6639169920845887,0.4629895879540762,0.5430943482795774,0.17414644334320895,0.7772039334980765,0.08510169610623919,0.7356686500395007,0.5474220953346236,0.283898513891256,0.3452938706332782,0.24948106761063826,0.36139552164507616,0.993493260471723,0.4433398070585326,0.3656090333755344,0.5292325408597576,0.2123287141396848,0.5928264535872612,0.7818565468561549,0.22778078446283234,0.11456262989812993,0.6312170075802157,0.9399124526473106,0.92250407165319,0.6578751472263633,0.020240452320899882,0.9234096416632298,0.1781757737451446,0.714550398526578,0.8089080253986338,0.7173232678353763,0.1789431637579837,0.05653139930793771,0.1778660261628402,0.6312942797055978,0.5032783607925448,0.7158347512020091,0.21860830596448655,0.1613689120293762,0.1425139842471732,0.15064525279165508,0.7344303324139576,0.40645878420554293,0.6277050950771335,0.8672930087985746,0.17289470148013608,0.9740690424414891,0.7760632785513002,0.1610029221302003,0.2813248242568489,0.34181988419502907,0.23944043886731814
