0,5760,3858,5502,8841,5087,4617,237,9756,8250,1449,1522,1998,3967,8253,1179,5060,9526,5808,7108,3209,762,8900,7993,10394,9577,7843,8292,6478,3829,7055,2060,8540,9357,4112,7034,10889,10977,7067,6800,10113,10104,4578,2367,1262,5585,1258,10698,9401,12,445,4804,8967,5109,6754,5644,11041,8189,9824,33,5802,8556,1561,2136,4117,10242,9168,6899,8216,9543,7634,10978,10067,6312,4194,7839,9220,5213,718,6050,11095,10776,598,5030,1357,3193,7653,4654,6223,3056,464,9597,6770,4473,5679,3243,3201,1400,9320,3030,6835,3535,2089,910,116,7027,4396,8208,10849,7215,636,9344,4907,6072,7459,6596,3237,1972,2468,10112,3534,4986,6103,7885,6737,8215,3808,11126,8113,4205,10570,2008,21,2032,1967,3309,8262,3221,10164,2336,6031,690,1647,9031,271,9025,2761,5129,9527,566
5760,0,5621,11051,10106,10116,8833,3545,10631,2717,4615,1531,2205,1841,169,9806,9650,10003,9147,6434,10756,3857,335,8104,5310,10636,7142,2476,10984,3750,1983,10329,3389,2781,2622,6380,378,5360,2228,3388,3753,7606,6801,3761,10891,4902,7186,1260,5261,1922,8744,7120,6621,4774,1641,6845,4408,9689,3982,8646,1786,1089,11101,2900,9272,9558,4977,5769,2799,5649,5379,5569,2085,6260,9743,5795,5648,3038,1,1838,4957,8525,7224,7066,3070,4894,4402,9294,6408,219,5851,7012,5600,1720,5111,9963,282,653,7110,941,6760,1772,7029,9439,6912,7220,2931,7178,6681,2076,7923,3841,5875,2663,2394,8469,8858,7845,1631,4984,9817,10890,166,5105,1734,7575,9893,9360,8233,5090,10063,1341,9699,10944,121,10544,7980,7116,10095,541,6715,4215,2024,2004,2916,2313,10745,6440,6313,5197
3858,5621,0,9987,6277,9223,276,6157,209,1005,5485,7849,7657,6028,119,7006,3814,1670,10926,9421,1615,11022,6536,10930,1536,2807,2498,1906,6989,1661,2088,7938,10753,986,4285,4818,9966,8410,407,1339,9643,10772,5506,7424,9971,8624,1711,1401,2446,11056,3520,8255,4415,4556,902,3271,5454,1352,10108,4190,5121,6691,9939,7394,9978,9562,4811,4468,1247,5265,3036,3584,7721,9217,10169,9471,9358,5481,11027,807,11112,6554,10180,354,4423,5559,6137,9967,10188,995,8656,2403,8742,1046,6025,8376,9263,4931,9179,6938,7359,8734,8122,22,2536,11023,3250,4505,3037,9099,11175,8557,4949,6410,9416,4458,4170,1847,3640,632,5468,987,8384,3692,4855,9814,1505,4368,8136,6919,1033,8891,10585,9299,9576,2119,4163,6577,7691,173,7597,1889,9120,1944,3385,301,8848,9262,5276,3898
5502,11051,9987,0,3215,3824,6052,2429,414,2503,9587,8561,3141,5182,7261,426,7682,6305,5171,7076,1517,10089,10533,8996,9324,211,5897,2111,4146,1573,7371,3169,1480,812,8836,8592,1215,6068,1413,1586,1072,2303,3845,8648,1134,6765,5704,9584,8589,3875,1604,5872,11140,2249,2510,7572,3371,1855,2793,508,7409,9257,4015,1225,7554,10873,6843,9872,2216,10666,5205,4647,2898,11146,8034,9063,10567,3874,10495,6046,25,2005,2531,1204,6411,2901,2659,4189,6347,580,5859,2437,867,5933,2977,1266,8286,3320,4049,6575,10572,5956,10714,5553,10177,9933,10315,9482,7903,7301,5578,8575,8342,2483,7775,7048,3045,484,4044,5413,7196,4210,4304,9266,6022,2704,2342,6290,9051,2589,9599,10716,9651,4980,10461,6687,4966,5138,3699,3131,6369,2660,7558,3053,4284,5853,1844,7656,8993,11115
8841,10106,6277,3215,0,4133,2763,2217,6139,5947,9812,1997,8867,2408,10700,4937,2094,3741,1365,935,10660,5915,9725,1947,3363,8899,3088,1223,3108,1515,2963,7025,5434,7970,1198,7891,3855,664,397,4002,10710,8626,10663,7088,5202,1120,3232,1164,4945,9444,393,5870,1731,4756,1424,11116,4149,10711,5287,6111,251,7065,9915,1359,6821,736,4658,6117,7194,7524,7740,7626,1982,1353,851,869,9776,2513,112,9300,8625,8645,5525,10196,53,3833,3583,283,2858,6650,9013,106,4540,10260,691,8701,46,2586,7368,8490,151,7529,7650,659,10250,2507,2451,7864,294,6518,2241,6042,10450,10476,3868,5634,4733,5086,6432,5715,3419,4296,2939,5209,3391,1985,1765,4720,8204,10785,3799,10835,1873,5053,9902,6511,469,4514,6802,206,1315,5266,2501,2953,7427,3442,5556,5123,9485,9719
5087,10116,9223,3824,4133,0,4164,8731,10616,8506,6601,3850,619,6711,7808,11082,5928,5663,5905,8852,5908,6439,6360,10763,7402,3121,2409,1002,1396,6076,9696,813,7673,1184,7163,8709,466,9224,4036,6516,7210,4688,10186,8420,10423,1990,586,10774,10397,3751,6283,5164,9096,3803,7603,6309,5682,420,5877,9666,212,10128,6349,7909,6561,3724,819,5223,61,4920,7581,2619,6393,4202,1447,10002,7486,6927,5587,10822,11057,7062,10522,8134,3266,8201,10151,8879,3384,815,9064,1520,8272,3116,9284,7760,3729,8355,4731,10175,9972,1362,7895,10414,7278,5094,10878,1286,5536,3279,2802,722,10036,6878,3189,10261,9704,3106,2941,4355,528,3167,513,11135,1583,10933,3098,7967,2362,10709,10915,3899,3620,10098,2723,595,794,2778,11020,1934,979,675,7632,7757,5590,9125,859,4240,6523,6565
4617,8833,276,6052,2763,4164,0,457,1935,10768,4599,5886,4201,2130,10331,6661,9093,3782,10790,10068,1696,10378,9069,2720,8524,9546,5061,9070,626,8690,7640,8531,2198,1302,7759,3856,9286,9728,225,516,10629,8988,1395,4214,4987,1451,5757,1435,1080,6294,3919,1592,3143,627,8090,7271,7004,8762,4934,5374,2621,1226,3464,8022,2257,8547,5512,127,156,3443,11169,8223,260,8041,4340,5746,6406,10875,9545,1259,8348,3427,6445,10749,10858,5831,8649,6001,1746,1010,6893,213,6869,7440,1822,6165,6546,9062,2810,3291,4857,8611,11079,858,3401,7401,8754,4242,9676,7930,1190,244,6942,8153,9511,3964,9849,3590,10080,3147,79,5387,9392,3945,3906,6268,2887,253,6232,5344,4482,8791,4254,5432,7382,402,3338,10744,2431,4696,9730,5333,5066,1856,2242,6607,4840,7780,10995,6154
237,3545,6157,2429,2217,8731,457,0,7609,2698,2819,8246,10497,4863,83,202,9557,4191,3421,6933,7887,7169,1560,1275,1732,6057,9323,10961,9330,9717,2462,3917,9073,8013,6828,7706,6330,7392,4063,1862,2983,7337,597,1070,394,9489,9899,6436,419,2231,1372,2979,1138,7309,395,840,7106,1091,349,5092,6010,2396,7257,3970,5880,2163,2139,5319,5388,10573,3900,9853,925,7974,8684,6506,9630,4683,2726,8959,10320,109,7770,3496,777,7303,5437,2811,6967,7422,8159,2360,1235,1924,6860,6515,3369,423,1790,9145,831,10797,1652,1979,10838,10825,6564,4470,10215,2553,9374,9054,2676,6370,4484,3399,10737,10516,4930,9720,10517,3793,3245,416,3319,7330,5048,8071,6780,5973,8982,1668,10662,9195,1016,2876,6333,7329,4313,2650,7233,9721,220,3790,9132,6573,239,9349,1474,9169
9756,10631,209,414,6139,10616,1935,7609,0,87,1050,4348,5534,11062,1094,147,452,10888,4317,8299,1239,8986,7807,3347,4207,9523,9989,6364,11007,7998,2013,3335,6421,1717,11014,11105,10678,10534,10966,8362,6267,3381,1961,3444,8249,459,3536,3954,11120,10773,6562,2192,6278,7288,3525,7174,6771,1533,9020,6061,6902,5408,7892,8789,7645,2758,8633,886,1785,4851,2442,6002,8675,2624,3352,7725,1308,7126,3910,8504,8663,2626,10109,5278,5135,4204,551,2653,5926,8673,7132,5234,6556,4152,1898,906,7813,458,2096,8309,6143,3937,6228,8809,7622,1960,2160,983,2071,7077,8486,4080,456,392,5726,5924,330,10403,3449,1660,6733,10133,8606,9660,8150,1774,7480,8717,479,3153,5626,1264,8630,5187,7995,2007,2581,2610,403,7170,1538,8256,7291,2305,3971,5155,2401,3735,8297,1526
8250,2717,1005,2503,5947,8506,10768,2698,87,0,9122,7036,8284,3173,8972,8751,6156,9781,9515,9671,10809,984,10005,8971,3572,4041,5964,4786,5487,7545,4474,9089,9774,5168,5204,4464,5520,6635,7412,2674,2466,9216,102,5540,7147,2952,9278,3730,3134,1042,7322,40,3473,1041,10455,9889,5476,4885,10342,5031,10794,6861,4197,8583,8736,8634,10213,9983,519,9836,8816,2579,9537,2524,10041,10743,10801,7226,7842,9657,5483,7021,4531,8025,8894,8052,9424,3800,9954,511,7464,7862,2346,2296,4816,5192,5895,3621,9623,60,2470,10589,1938,2915,2817,5118,4030,5510,5214,3052,140,3498,6357,9775,2065,9327,3716,5412,10867,8427,3779,8380,5247,5993,3308,4327,122,9488,7093,10459,10054,10742,7111,8616,9319,4508,7837,1019,10477,8023,8923,187,3487,4614,792,6615,2194,2563,2180,2028
1449,4615,5485,9587,9812,6601,4599,2819,1050,9122,0,3306,2149,10222,1409,7225,4306,9450,2382,9918,8450,9211,9995,5979,2068,9296,3160,2415,5186,9466,7474,574,7840,9888,3957,1852,422,1475,8323,8021,7602,2234,8200,4374,4998,2213,78,4488,5107,6639,10026,143,8878,8538,4441,7133,684,11148,9694,2949,3560,5913,10418,4611,9742,9134,4447,3357,9236,3216,1878,8804,8909,1367,1360,585,677,2682,8631,5593,7070,4940,3040,10366,111,6926,8121,320,2994,4046,8980,9656,2859,4892,4626,7254,7564,10044,6581,90,9329,2865,4045,4925,9023,9662,908,998,6289,764,2405,6736,7304,5891,10362,4715,11171,11131,977,6191,5098,1912,9866,4703,10019,6834,8365,3313,5173,4942,69,5730,7467,9637,2117,3136,4740,1589,7050,167,8414,9749,1291,7100,8888,7497,727,3445,10924,1915
1522,1531,7849,8561,1997,3850,5886,8246,4348,7036,3306,0,8696,7818,10447,10799,4772,6984,5544,9754,9659,4563,8969,9252,6499,10793,3318,3887,8456,5331,10987,4887,8863,4186,767,5104,525,5359,3429,6016,10199,11063,1348,7521,5492,6947,5856,5294,6619,10731,2889,352,2871,9982,915,6482,1158,6418,678,7453,7644,4236,3236,7045,4389,1356,5903,2745,10778,5620,10079,5798,4111,6701,7647,1344,1276,2946,3210,5078,5728,1600,8957,1637,6535,4598,1796,7508,11118,3500,9317,9437,5115,1764,8615,4533,4008,6589,259,3693,11066,8952,6030,5920,7318,2114,5889,11108,380,1755,7198,2874,6587,1550,10464,5257,7590,10609,3178,7746,2870,4038,6496,10735,2125,5780,11033,3115,4983,2642,850,146,4752,9631,1702,10817,5044,3991,4541,89,2544,3499,5893,8340,10637,3244,6757,7008,3263,5079
1998,2205,7657,3141,8867,619,4201,10497,5534,8284,2149,8696,0,7630,1053,1389,1809,546,3654,8620,6963,7342,7857,7505,7024,10016,6491,2552,5229,552,6308,10389,6175,8442,5972,10259,5981,4718,2248,1415,10598,8409,9997,7338,847,8476,10316,5710,8431,1127,2162,982,6988,385,4252,4443,8352,1577,8040,2881,8404,1974,3145,9018,2936,8180,1715,6339,3618,2779,5250,2730,8066,4074,581,3512,2520,2737,4060,4292,4867,3305,9914,9368,7512,10579,8318,1971,442,7901,10221,9155,8949,10610,10976,7716,9605,1937,2341,10800,10072,9115,10903,1955,5160,2086,5318,10131,5528,8617,7592,5040,797,7408,8621,8243,2261,3380,460,3483,45,7984,6419,4139,9521,9388,3659,6745,861,2547,1537,1488,3768,10425,8118,8349,1301,3023,6804,6460,6971,8965,9326,3943,1026,4341,6198,4529,1460,6130
3967,1841,6028,5182,2408,6711,2130,4863,11062,3173,10222,7818,7630,0,9478,8951,542,5772,6327,9823,2838,7300,1263,526,10287,6755,3207,4232,553,2794,8643,3497,3064,9222,7155,874,538,4125,7423,123,4552,4645,8281,4763,1369,9066,3565,2312,10594,8003,6180,4104,8570,6086,8893,3834,4229,6424,5169,4812,1700,7487,4826,8433,2093,6966,1061,9938,4262,8808,4222,2222,1110,4200,1268,227,5306,10244,9519,3846,9588,10874,4912,10929,5745,5327,11042,2632,2825,5095,186,6073,8383,5775,4762,10869,3048,6106,1626,4209,5398,1849,8225,5946,1757,5643,582,1128,9008,8222,7991,1799,737,3239,7736,4775,11100,157,3220,5790,8564,10243,3754,6734,6703,5896,7774,4571,4705,6431,6060,4806,3594,4007,5122,7911,6017,4694,1241,10301,4722,1261,10165,2526,8978,132,835,5400,3360,621
8253,169,119,7261,10700,7808,10331,83,1094,8972,1409,10447,1053,9478,0,10861,5766,9373,3723,10496,1693,8976,8089,5370,6684,2247,6910,5714,1659,2438,6633,4842,4850,5678,1459,9149,6799,8530,2539,10405,7058,4948,10670,3346,5005,10909,7136,10531,10818,8396,10216,1491,3580,8896,6174,470,9191,6751,9142,7810,4790,2122,5419,8730,309,1054,1991,9586,6552,6904,3522,342,7932,3661,6038,7099,2031,4625,857,249,5290,780,2862,9793,8339,2846,9956,371,1885,9006,8477,841,5567,6462,3283,3340,9435,3718,1551,5653,9712,7601,4651,10676,10090,9081,8140,3137,2855,9367,4,4994,5584,9760,2314,8378,4271,5742,293,2335,560,3972,10507,5444,5200,1056,7102,10435,5617,1000,3485,6104,923,6880,10361,6007,4872,7302,10327,801,5943,6452,726,10127,332,8024,8866,3114,8273,1503
1179,9806,7006,426,4937,11082,6661,202,147,8751,7225,10799,1389,8951,10861,0,1081,10956,1188,4636,2171,2485,7227,2456,8871,9387,1270,2082,10431,6548,6087,2133,9505,9841,8990,9807,8160,8602,10096,4557,8779,1820,7542,7372,6492,302,4362,9136,518,9652,2410,4178,1969,9114,9310,2051,5364,2706,5665,6962,8389,2668,7732,11010,5625,3431,3192,200,4171,7276,5529,10286,7325,4108,5825,5329,2932,1713,9924,1558,11098,2311,412,6348,8810,7675,8704,2849,3592,8853,7184,8539,10049,1874,8464,8749,2505,5119,2338,8726,1669,6673,4361,5039,4927,7460,8940,8901,6485,7608,4941,1482,6507,3963,10298,7838,5685,7263,3174,8279,4561,1789,4422,1910,3816,747,168,8373,5819,1992,6881,3804,1576,7498,3238,8197,2566,8322,7019,9260,10630,468,2434,7386,10043,8509,5324,7363,6489,6874
5060,9650,3814,7682,2094,5928,9093,9557,452,6156,4306,4772,1809,542,5766,1081,0,4716,1434,5143,3295,8903,8135,3936,7112,10973,3576,9908,6296,3511,5009,2814,7057,2837,4760,4543,2278,609,5236,9139,10024,715,4662,11076,7090,4630,9854,3440,10294,3404,8842,9028,4315,3420,5357,5916,3629,4500,4901,6907,3364,9665,8492,562,2387,8740,4333,3998,10291,208,7060,9297,1569,9455,9210,713,8445,7530,4283,5022,7425,8794,10994,7114,4069,6070,5954,7612,2425,4370,7573,7931,2193,8529,9182,8485,6566,3878,9638,8939,855,264,8084,10324,3928,4501,7097,734,6243,5945,4914,6677,26,6699,4704,3402,6192,8448,1664,2918,4677,749,10914,386,5163,2988,6981,11150,7791,8859,4425,2354,3854,6383,7128,152,7072,2309,7623,10722,5677,4871,2281,3567,10945,8834,9822,8757,6113,3486
9526,10003,1670,6305,3741,5663,3782,4191,10888,9781,9450,6984,546,5772,9373,10956,4716,0,7755,9247,2,5100,10527,8483,3877,3622,6187,2090,5500,4576,5720,2372,2925,11070,2400,3089,10561,5521,10712,1410,1170,9117,7908,154,1154,2561,2672,6796,3633,4903,9575,432,7166,10277,4676,1547,5139,1012,2157,663,1426,7567,7855,5864,4828,2270,7037,934,10474,6202,2528,1248,10761,1645,5292,6831,6438,10453,2816,1723,2184,2359,7629,6657,10546,8005,9004,9492,11024,7735,4618,325,629,2573,7121,7559,8688,6526,3032,9649,8598,1542,4144,4268,6624,6314,3090,6501,7785,2035,8775,4230,3767,2555,10692,1321,5289,3523,5995,4682,7441,5657,3008,2450,2365,1008,10055,8185,6233,7313,2795,2196,1899,5697,7109,10200,215,9522,9027,4544,8851,9443,9045,1724,795,67,2637,6091,2976,6256
5808,9147,10926,5171,1365,5905,10790,3421,4317,9515,2382,5544,3654,6327,3723,1188,1434,7755,0,10847,9905,3054,7455,1978,4773,1202,2029,7625,5779,9338,7344,10571,4583,3554,7763,6676,5725,2522,493,7175,3492,10754,1151,4606,268,5130,3502,2750,2390,1304,8723,8341,8548,8468,7080,10421,630,8527,7783,7403,8474,548,567,10264,4011,750,1118,10237,5865,2204,8670,8078,1092,1463,5986,579,4496,7940,11044,5264,5894,3035,8928,3886,2463,5668,1455,2348,4420,9106,8018,223,5615,1887,5837,7471,8554,4874,6951,9011,7936,5800,4963,4737,5478,6455,11060,10829,3461,8321,5557,486,6392,6487,10601,2019,2786,10803,3015,8706,5847,9722,9675,866,10009,3470,9180,7576,6058,443,1320,9873,10741,803,2448,9591,4754,5081,131,3947,2283,5664,6953,8370,5661,8665,5189,7022,5145,4525
7108,6434,9421,7076,935,8852,10068,6933,8299,9671,9918,9754,8620,9823,10496,4636,5143,9247,10847,0,7245,5036,3353,6735,1921,6120,3798,4184,1040,10750,9441,4286,7910,6579,7619,3469,7478,3354,5658,827,5551,5411,8202,9112,7652,2714,5767,3578,4655,8534,7398,1543,5694,1135,5816,9445,6672,7388,6763,6582,810,1107,1472,5341,3123,216,623,4226,10679,10839,10099,3022,1257,4089,2605,2453,1541,4680,7185,9192,4450,6200,73,6954,7904,1238,8760,8128,547,5248,9426,2407,1510,1155,8460,1476,826,11163,10846,8502,10539,3252,2891,5170,8403,2827,3132,6372,10247,6743,7373,3623,6147,8815,11077,3206,996,4580,3832,8962,7149,2012,3446,11072,5997,6836,8161,5085,5836,9226,3190,5702,2616,4915,1303,2316,5967,8111,5127,570,257,3301,3826,3489,9998,10061,10639,2392,8938,757
3209,10756,1615,1517,10660,5908,1696,7887,1239,10809,8450,9659,6963,2838,1693,2171,3295,2,9905,7245,0,4542,10132,544,2033,1953,10313,29,3508,3690,5156,1834,6420,4744,6793,603,5642,5371,9556,2791,9729,1588,3382,765,7778,5969,10656,4916,9472,2066,5711,8770,4299,8846,9750,1049,241,6409,10667,2724,1358,5037,2147,348,262,8781,2332,9582,7522,1023,2018,9869,242,2329,7540,9146,5489,10467,8147,2604,7695,4467,882,2148,4381,3680,9287,7541,10821,4755,2129,8447,11084,5793,2052,864,1288,3908,4929,10650,2009,10030,5263,5394,9692,522,7085,9107,5633,9784,10365,7268,711,628,10554,2127,8934,8522,2910,3993,10473,845,2057,2260,10451,8270,6723,8747,1145,5467,1599,7305,8551,8191,3379,2636,787,9271,1391,2909,2736,3927,4575,5688,8058,1940,8138,451,4649,9870
762,3857,11022,10089,5915,6439,10378,7169,8986,984,9211,4563,7342,7300,8976,2485,8903,5100,3054,5036,4542,0,473,95,7212,6322,1437,682,113,4996,5440,3531,6656,3249,1156,3823,830,7098,9123,4433,680,3987,4766,8198,7094,8803,5707,6171,5418,8336,5106,4411,7771,10832,9047,3599,2447,1295,4908,9664,10545,5003,1679,11141,3307,6300,7234,9285,6816,198,1914,6819,10638,8963,2072,6185,9347,1556,4371,8209,9267,3146,5983,305,5325,4142,10121,3827,8289,3733,6425,4898,4888,11002,3086,4065,8753,2173,5096,2937,7563,8714,2402,9402,8661,2473,8992,11124,7793,1857,6629,7458,7546,9603,6207,2716,1327,10290,3596,4936,1423,10842,4463,2105,8955,2848,6790,10478,1770,2482,7921,1461,1311,7231,7890,9135,3601,8072,6013,1850,3315,3124,2554,9674,194,6167,11071,751,5883,5258
8900,335,6536,10533,9725,6360,9069,1560,7807,10005,9995,8969,7857,1263,8089,7227,8135,10527,7455,3353,10132,473,0,1920,8520,1195,11174,1727,7488,7181,2861,545,905,7641,4568,10436,1282,7878,7477,3164,8218,9158,3787,5233,4057,6110,76,8579,9413,3904,3997,6404,2869,418,5789,2167,4856,6803,7286,1006,6614,9990,1471,1539,649,11026,1740,1433,1250,8827,9061,2256,5390,1104,6461,6053,1502,1313,3566,3962,3597,3682,9551,3284,164,11043,2639,1815,7934,5912,3322,7281,5961,695,2847,450,5640,5826,10649,8587,3563,8413,4432,7679,9942,10335,2665,1942,10491,11087,247,3918,171,7049,9002,10784,5000,6731,2056,3281,6235,8857,919,8133,1763,7663,9745,2880,10004,1393,1411,9646,204,5499,8981,7416,7694,4105,8424,8904,5157,7158,4227,6048,4380,5167,4758,5378,10135,1489
7993,8104,10930,8996,1947,10763,2720,1275,3347,8971,5979,9252,7505,526,5370,2456,3936,8483,1978,6735,544,95,1920,0,6528,9469,1555,8973,4068,2467,10989,235,364,3561,9544,2439,2116,10350,3328,8375,3577,1273,4235,6623,2369,6608,2289,3516,3255,1939,6158,994,3796,7444,2712,1859,2886,9917,9994,9913,9697,6367,8205,5301,5176,5277,7950,5482,6974,4536,10952,3860,4064,9620,9346,1629,3081,329,2766,5503,6700,5873,3341,4135,10103,1839,7015,3168,5869,5645,2043,246,9698,1780,6941,4328,11137,3564,1523,6365,4134,876,8644,8639,11017,8910,1762,4032,2426,8562,2641,6399,3863,1074,4310,5255,6603,5166,555,7765,7315,9105,9581,1888,8764,1200,6727,3094,2393,9794,2592,2307,9074,862,1011,2181,7624,2427,6626,3097,300,7161,7506,4730,7841,7815,10904,8935,8228,1683
10394,5310,1536,9324,3363,7402,8524,1732,4207,3572,2068,6499,7024,10287,6684,8871,7112,3877,4773,1921,2033,7212,8520,6528,0,8782,1067,4702,50,8943,4018,5024,10374,8283,3144,7594,1422,7503,5425,3658,10176,7020,5820,2776,3133,2015,3072,3481,3203,5273,8428,523,1144,1183,5284,7985,7104,3103,1058,5754,8653,3223,5259,6221,825,1609,3479,10235,2565,10184,3314,10504,10357,2221,1486,1417,2224,5901,1894,9716,7570,5992,6985,10724,5580,5616,11119,10278,10576,2746,5321,5517,10824,3138,9748,6444,1390,7822,6914,7361,11013,10432,5999,4605,6655,10503,8129,10140,3697,3378,4480,10532,3656,7817,5067,4177,814,9209,9270,10950,8941,10245,9648,10913,3915,4875,3505,7367,9248,10167,7201,9151,4115,7523,6961,6196,7955,7926,9611,6901,4743,4022,10828,5949,6958,1603,6319,6817,7952,3113
9577,10636,2807,211,8899,3121,9546,6057,9523,4041,9296,10793,10016,6755,2247,9387,10973,3622,1202,6120,1953,6322,1195,9469,8782,0,9821,7395,405,2957,2999,6830,9461,9923,5595,7182,9067,6454,9253,8728,4834,1980,4637,4600,6679,6306,5180,1636,344,1274,5384,7825,7489,7495,10256,9520,3021,4865,967,9154,527,9567,1162,7972,2725,6468,510,1485,7071,3934,1289,8678,4797,1846,3506,8662,7869,2152,658,4537,4435,9751,324,5574,9094,8268,9185,10883,8310,5614,2631,11025,7383,4784,9189,5549,2178,6433,2906,7956,8053,9068,7620,4570,10612,8282,5114,6098,6238,9333,4701,4810,3265,953,1102,5782,9702,4739,5684,8650,3507,10056,3191,3978,3685,3674,10581,7476,11034,11149,4218,1371,2992,7259,5297,3819,7726,2590,9370,8712,2756,5857,7484,7406,7292,5721,2768,4595,8787,7713
7843,7142,2498,5897,3088,2409,5061,9323,9989,5964,3160,3318,6491,3207,6910,1270,3576,6187,2029,3798,10313,1437,11174,1555,1067,9821,0,9737,4515,8372,3909,2444,10530,6286,2897,4308,5563,9881,5734,6885,1528,6338,9528,11032,5159,3842,9863,7156,9442,3765,3451,3459,6195,5426,6464,9645,6791,10376,7125,72,10658,4024,4231,2951,3645,8187,4417,8926,739,8369,3836,7150,4494,6651,4899,2140,2279,10967,10014,6871,5571,9961,7648,3330,6675,5850,1029,1858,3377,2188,7804,7717,314,9780,2934,9813,6993,8599,9165,9001,7779,3840,4778,7917,743,6213,8080,6129,4344,3438,5216,9377,5843,1146,8319,7990,6820,9359,4136,5188,644,9681,5395,4114,6435,7103,5971,7593,3253,8020,1115,10881,3985,6222,896,6377,2618,8039,1340,9552,5546,10857,5420,2428,5724,10276,3903,6977,5282,1726
8292,2476,1906,2111,1223,1002,9070,10961,6364,4786,2415,3887,2552,4232,5714,2082,9908,2090,7625,4184,29,682,1727,8973,4702,7395,9737,0,387,5656,7773,9884,1065,10383,2207,4852,298,2078,8618,1186,4672,10566,8115,2919,687,7835,7797,1285,6875,1296,7907,1866,8082,5137,7299,2108,5560,439,4217,2165,8989,35,334,6467,9568,4305,8475,6529,2159,563,8451,3737,2014,2557,8107,98,3127,3920,656,10927,972,9871,4502,4130,3466,9711,2683,5049,8877,4294,3186,3061,10564,6707,1387,3732,10919,11152,6116,7515,8220,4332,4175,3280,3303,4010,10917,9034,8101,4154,20,529,4877,254,2223,7358,2381,3627,9856,946,8095,8985,9592,6682,10713,6658,1159,3218,10836,10632,2944,129,6891,6628,2267,3375,1477,8207,5416,957,9974,2183,2843,9984,8733,2852,2686,2609,3603,6646
6478,10984,6989,4146,3108,1396,626,9330,11007,5487,5186,8456,5229,553,1659,10431,6296,5500,5779,1040,3508,113,7488,4068,50,405,4515,387,0,618,8333,2175,3605,4551,7357,10925,887,4273,9808,7240,753,5622,4724,5696,1566,3006,2671,7321,9396,10962,2933,504,4166,4051,3472,778,8344,10018,7836,5686,3613,7761,5326,4047,4685,1237,10720,2808,8905,6363,7767,9042,5840,3691,10091,7135,8224,3455,7154,3673,10730,4532,8517,7206,7627,4043,4360,3913,8472,1024,988,8188,7140,8722,6422,1209,7748,5262,1638,99,6688,4664,10877,10657,2705,1071,1136,266,6081,1530,3129,1355,832,3611,4593,557,1718,6075,5025,9626,4172,9389,6407,7565,1182,4407,9254,9992,9772,9564,9113,7061,10460,10419,3437,1597,9340,5172,4803,7253,8275,7686,6915,360,6172,4768,8683,1374,9874,9381
3829,3750,1661,1573,1515,6076,8690,9717,7998,7545,9466,5331,552,2794,2438,6548,3511,4576,9338,10750,3690,4996,7181,2467,8943,2957,8372,5656,618,0,9973,2533,5885,6138,6495,8027,5936,4257,2893,10293,8577,3757,936,303,3568,8091,4848,4590,11067,7801,2771,3602,3155,4107,6992,6889,8300,4635,8398,7518,5429,7260,5469,1784,9173,897,2593,4692,3731,7914,2834,3533,6118,5827,10559,4387,399,624,8657,6220,8382,7229,8391,3468,569,3000,6450,9574,4290,1681,10882,3181,2304,2026,3687,8353,286,9339,8170,4457,9838,19,904,8752,3162,7690,568,6428,9418,968,2986,1077,7708,5887,2233,222,31,10083,8411,2107,4428,1187,5484,1801,5011,2044,10060,3766,5522,6262,11016,3745,136,4079,1959,1936,5902,3570,8605,3703,5459,1525,7747,3041,7979,6784,108,155,4183,4424
7055,1983,2088,7371,2963,9696,7640,2462,2013,4474,7474,10987,6308,8643,6633,6087,5009,5720,7344,9441,5156,5440,2861,10989,4018,2999,3909,7773,8333,9973,0,10599,614,7307,4147,10038,6082,10727,3720,5914,2718,428,1284,1287,310,6054,9548,2212,2633,1440,8301,2519,4566,4623,9887,6085,9741,10085,6381,427,9065,6792,5456,6722,5662,9957,7833,3414,5042,3958,7033,9953,9706,7658,4890,8600,9161,10655,631,2023,9177,4019,6549,823,6215,4472,4278,7439,5375,3774,5611,3349,1224,7221,1813,6630,9607,10488,4750,6047,93,9736,7906,3684,10689,4289,7915,652,7882,10336,6783,6303,8032,6531,7511,9771,10205,6193,2715,1368,8054,2896,5708,359,591,8361,4639,390,5281,1343,3260,4975,11153,6271,4256,3196,4295,7539,8177,11104,7714,9968,9022,5069,8290,80,6622,10840,9487,5027
2060,10329,7938,3169,7025,813,8531,3917,3335,9089,574,4887,10389,3497,4842,2133,2814,2372,10571,4286,1834,3531,545,235,5024,6830,2444,9884,2175,2533,10599,0,2895,4546,4624,5659,481,6509,3071,5579,7982,3518,4846,7204,9230,9164,7014,10542,10312,3861,4078,3582,1549,9925,3777,10314,665,5501,2347,7500,10685,4493,2529,10292,10813,8725,3873,7187,9334,2038,981,1099,5433,9678,853,6832,6813,8042,10580,6739,8745,8312,2495,3862,5545,1613,3747,10257,2675,2899,3587,3262,3200,8012,1567,1328,10272,5056,7485,5409,4522,7876,6555,3139,1836,4714,7628,6599,2443,7193,10551,2484,3736,7001,9855,11110,5629,10704,7951,6924,5942,1438,10207,6930,4434,5674,3556,4440,11091,8679,6344,1800,10379,8591,1084,10565,2055,4706,9288,1349,791,6935,3325,7638,1245,7769,3683,10681,865,6316
8540,3389,10753,1480,5434,7673,2198,9073,6421,9774,7840,8863,6175,3064,4850,9505,7057,2925,4583,7910,6420,6656,905,364,10374,9461,10530,1065,3605,5885,614,2895,0,1119,5057,6884,4131,10811,6788,9999,4995,3642,1330,9895,10203,754,8994,5810,1818,1750,6777,5091,7400,1733,7267,8732,6255,2373,1443,10673,3005,1047,7349,9610,7283,9703,5713,1279,5058,7421,4033,11107,1769,5404,10479,6382,4100,6559,4644,9365,10992,3387,1015,2947,1180,5352,6008,9026,7723,9458,5530,2559,1901,1465,8735,4250,2477,8576,8503,6625,7118,10153,507,398,7752,1828,8049,6132,4354,9510,5651,1469,2670,6135,7252,5068,4311,2594,9809,4732,10012,9744,5950,9829,5909,3538,8573,10796,5218,2406,11036,8932,56,5855,10587,9800,70,9506,6584,2272,6970,7314,7311,5516,3327,8724,2669,10738,10028,474
9357,2781,986,812,7970,1184,1302,8013,1717,5168,9888,4186,8442,9222,5678,9841,2837,11070,3554,6579,4744,3249,7641,3561,8283,9923,6286,10383,4551,6138,7307,4546,1119,0,931,3372,1256,5770,6398,6602,8238,3905,6391,5363,4666,5351,7032,6051,4260,4367,8569,2731,2922,9734,6728,10074,10114,6663,6642,3493,6898,8144,3669,275,3,11090,2352,1870,8907,11089,10708,1782,8120,4055,3240,7703,10304,11125,7618,4085,2158,8862,558,2080,6484,6242,6825,8293,3537,9993,3607,2206,5315,8008,7560,775,3818,252,8110,6692,10179,10958,8055,9901,2123,740,4900,9341,2956,9949,6513,3585,39,531,2667,6856,8550,1535,3773,8767,7168,10310,10129,9763,3746,3067,963,2357,3700,6598,9060,9700,5890,6637,3630,9550,2445,9738,6952,2997,9459,3085,4444,3058,3902,7191,5320,9218,10920,3276
4112,2622,4285,8836,1198,7163,7759,6828,11014,5204,3957,767,5972,7155,1459,8990,4760,2400,7763,7619,6793,1156,4568,9544,3144,5595,2897,2207,7357,6495,4147,4624,5057,931,0,150,2516,9215,3471,1987,5343,6502,3573,1722,3293,2003,5428,10168,6199,10621,10953,3390,7550,7946,9833,4690,10369,4883,3119,3940,978,5065,7999,6226,7676,6361,10694,4861,10907,8968,4193,7942,719,4923,6212,944,10158,3907,4601,4385,2092,3321,7994,1864,4988,9186,3559,6866,88,9834,959,11128,10781,1036,8171,4382,6683,9276,1018,135,1986,4643,575,6720,7976,2749,8763,2796,6939,6430,9350,4798,5547,6414,4921,81,8219,2572,7646,9385,3608,6055,10338,6837,2517,6291,8917,7016,1464,396,6201,7492,1570,4738,6597,7520,7709,9969,8915,4323,10358,6043,9804,11154,4962,9803,10011,938,9718,4640
7034,6380,4818,8592,7891,8709,3856,7706,11105,4464,1852,5104,10259,874,9149,9807,4543,3089,6676,3469,603,3823,10436,2439,7594,7182,4308,4852,10925,8027,10038,5659,6884,3372,150,0,55,9661,4248,10770,203,5735,3010,477,10155,10341,3294,10137,9232,9625,2719,1298,6725,6895,2280,10644,1373,4192,4736,3681,5699,2131,9038,8015,1211,2560,3452,3575,3801,9364,4667,8317,1585,5809,9952,8829,10058,77,10094,7051,5811,10223,3101,11117,10640,4337,729,2965,9206,488,1297,2961,9316,4466,8046,7266,9176,1694,8425,2232,2134,5763,8622,2984,4241,2293,1837,5960,6387,3849,8379,2493,9356,1658,3361,1620,9353,1964,9083,933,5988,1125,9773,7123,1044,7482,4160,339,3024,3662,6320,1552,5112,5249,9580,9752,10034,10265,9129,2530,9875,8338,8865,4476,2822,6162,10764,10100,8417,6472
10889,378,9966,1215,3855,466,9286,6330,10678,5520,422,525,5981,538,6799,8160,2278,10561,5725,7478,5642,830,1282,2116,1422,9067,5563,298,887,5936,6082,481,4131,1256,2516,55,0,9049,5852,10509,804,3916,3019,8777,5474,7448,2734,8363,4431,6746,8252,8937,221,725,3990,4805,8458,438,6543,3959,8112,4612,4221,2812,6508,5841,9937,5002,954,533,8496,4404,3447,2701,9759,5414,9289,1457,7937,1121,5075,1579,8419,5355,6991,32,8831,7494,6080,9658,5907,3775,2743,8628,5322,4642,5131,10792,5194,697,5103,3968,8571,6353,8000,2472,6402,4596,4837,8491,10157,5751,7912,4300,7762,6950,10922,9709,2695,9991,6909,205,2688,4711,512,4437,10653,6936,5007,10410,7277,5829,2046,2376,1643,6027,7868,6525,10780,4499,3895,318,601,10066,4648,5878,2607,6063,4162,3149
10977,5360,8410,6068,664,9224,9728,7392,10534,6635,1475,5359,4718,4125,8530,8602,609,5521,2522,3354,5371,7098,7878,10350,7503,6454,9881,2078,4273,4257,10727,6509,10811,5770,9215,9661,9049,0,6203,9040,2385,5606,2928,8001,2757,8638,5299,63,9483,3285,9796,6680,7958,8124,7788,8276,2995,9274,7961,3202,940,1880,9499,8911,2844,1735,3432,3921,7333,86,4922,3491,10330,6297,4559,10765,10073,7355,4335,10159,5797,7335,10454,6279,8793,317,1499,4684,2821,8175,6160,5998,7880,6522,7236,6004,9261,7063,9293,1326,3734,8991,2211,3593,7437,9633,7743,3805,3110,648,5963,7948,10117,353,3876,10604,4974,4169,199,10550,10352,1665,4061,6758,3246,6145,4446,3980,9264,4823,1088,2759,4673,6097,8471,1310,10552,4486,10859,6405,1035,10130,6685,2615,9104,5761,7327,947,1075,6011
7067,2228,407,1413,397,4036,225,4063,10966,7412,8323,3429,2248,7423,2539,10096,5236,10712,493,5658,9556,9123,7477,3328,5425,9253,5734,8618,9808,2893,3720,3071,6788,6398,3471,4248,5852,6203,0,7235,4620,7900,6903,5575,3589,2775,9500,7722,1174,201,4518,2432,4587,6847,10471,6003,2164,3995,8221,6873,2209,11132,421,3539,7871,3705,3740,2564,8565,2252,6721,9292,1966,9900,7821,181,6149,7084,7918,3702,6426,7040,5219,125,7913,4388,9457,8691,4098,4297,3519,9160,120,3641,8746,1812,1842,5028,8017,540,10725,10851,1970,7978,8593,3433,7574,4187,406,1962,6698,8010,1988,4039,1860,1324,4836,11158,3463,3966,10025,6674,6127,455,9640,4471,2236,1673,6280,1949,8694,2826,5554,8682,5716,2693,4375,7514,9805,829,7954,9395,5930,4881,8549,6134,8421,10367,8119,11069
6800,3388,1339,1586,4002,6516,516,1862,8362,2674,8021,6016,1415,123,10405,4557,9139,1410,7175,827,2791,4433,3164,8375,3658,8728,6885,1186,7240,10293,5914,5579,9999,6602,1987,10770,10509,9040,7235,0,7203,1197,10281,5599,9690,5285,10574,748,3598,11045,11074,4713,7316,2968,3869,9219,4028,10852,6126,2661,10375,333,5479,6532,6716,885,5295,1484,4608,2073,4302,4128,9085,2912,2166,3931,4653,5940,2623,9547,1917,4765,8079,7670,6413,3813,9277,5410,8394,1771,6604,2692,2627,6641,7502,8351,8026,5313,4807,8265,8584,8572,1876,990,8285,7947,10910,4325,5787,2479,11096,8044,5457,2156,229,8798,3653,165,51,10057,8629,2084,3764,1950,10844,6498,6818,174,5089,2975,4594,6475,7685,7867,5863,4084,3825,5391,7588,4453,6417,4845,6632,7802,1227,10274,7635,673,8854,9644
10113,3753,9643,1072,10710,7210,10629,2983,6267,2466,7602,10199,10598,4552,7058,8779,10024,1170,3492,5551,9729,680,8218,3577,10176,4834,1528,4672,753,8577,2718,7982,4995,8238,5343,203,804,2385,4620,7203,0,9831,3713,8103,8327,4174,6429,2326,10635,2297,6782,4390,8142,9846,1231,4585,10029,2471,868,4868,2860,3763,593,5774,52,6341,10427,9087,912,1918,2656,10007,4511,4586,4461,100,1007,1131,10120,2286,5737,6756,1788,2678,6726,4646,1137,6012,6545,10999,1572,3748,8944,2070,9208,6416,6090,7417,2102,5347,1808,4356,4560,7848,7568,1685,7666,4145,7596,9363,8817,10325,3704,918,5195,10856,4602,10990,184,3287,9476,1500,231,2940,5533,8783,346,9861,4982,8174,10723,3395,6170,4490,8588,10911,4721,10654,3514,1791,8254,3776,4220,3706,2608,3925,7920,9642,10651,3267
10104,7606,10772,2303,8626,4688,8988,7337,3381,9216,2234,11063,8409,4645,4948,1820,715,9117,10754,5411,1588,3987,9158,1273,7020,1980,6338,10566,5622,3757,428,3518,3642,3905,6502,5735,3916,5606,7900,1197,9831,0,362,1479,8057,5689,3961,8212,4817,6184,3901,1787,8881,10258,610,178,9590,3786,10050,10895,4223,2091,8183,7377,8050,2747,9560,3290,9495,6752,7113,10837,4829,7986,9787,316,4477,8264,6324,6401,4589,351,4087,10677,8070,3462,8719,5490,66,8778,9965,9405,6390,372,2389,9608,2732,7279,1710,1323,4454,3581,9343,639,3852,2867,2890,6714,5162,6427,8470,1338,8929,4113,9141,10514,10569,744,8274,4398,4794,9683,9554,7041,8872,8594,2397,7741,274,6900,8004,9475,5460,3410,217,6437,7047,1506,11050,6332,7959,437,7834,7262,2574,9687,3184,11172,3551,950
4578,6801,5506,3845,10663,10186,1395,597,1961,102,8200,1348,9997,8281,10670,7542,4662,7908,1151,8202,3382,4766,3787,4235,5820,4637,9528,8115,4724,936,1284,4846,1330,6391,3573,3010,3019,2928,6903,10281,3713,362,0,5240,1662,8983,1383,4629,790,2782,10661,1167,10997,10289,2103,9976,9988,10643,5464,5631,297,2753,10487,10985,10524,2727,500,321,6153,10356,11059,9617,7381,4151,3034,4334,2913,2258,7790,1926,8977,5932,8374,9470,4660,10769,606,1060,9783,5813,10841,710,1781,4521,2302,5435,1103,3406,1923,8508,8610,11053,3326,10441,881,10591,4734,10596,4880,9354,7543,7905,4090,9153,5141,4947,9157,7023,2310,10000,10705,9816,5834,5417,6229,1066,1242,10458,6335,9362,6447,4674,6697,2787,2924,4719,8117,2512,5227,10192,848,5148,10578,5120,409,1680,8081,4326,2081,4958
2367,3761,7424,8648,7088,8420,4214,1070,3444,5540,4374,7521,7338,4763,3346,7372,11076,154,4606,9112,765,8198,5233,6623,2776,4600,11032,2919,5696,303,1287,7204,9895,5363,1722,477,8777,8001,5575,5599,8103,1479,5240,0,5504,10834,1907,7096,5303,9561,6806,2958,1524,6670,10935,4735,2537,10607,153,6937,8217,10955,8457,1398,2047,2298,10775,7129,517,10898,7353,3476,7468,1111,712,6594,1697,805,2436,5,8366,5386,391,7317,9021,808,8479,9739,1672,8444,9436,6940,1704,9926,6179,755,534,10040,11109,5564,6713,5917,9667,11035,9084,2269,6844,5531,2323,3055,6668,2755,9390,883,74,11083,10422,2259,1108,8585,10148,4777,9830,2872,5136,8009,9159,8919,1587,6654,5177,6591,6611,4185,9242,7872,10706,10411,638,8019,1877,1214,6211,1853,4421,9765,4449,10988,9228,6258
1262,10891,9971,1134,5202,10423,4987,394,8249,7147,4998,5492,847,1369,5005,6492,7090,1154,268,7652,7778,7094,4057,2369,3133,6679,5159,687,1566,3568,310,9230,10203,4666,3293,10155,5474,2757,3589,9690,8327,8057,1662,5504,0,10879,856,2697,1055,4911,4634,2785,6351,4270,3066,9412,9753,3652,2700,3547,8708,9086,3812,6643,7610,1017,2954,7405,1412,2371,6285,11161,10384,1984,1332,9137,11134,308,8295,2780,5185,5477,6547,8043,3224,6234,3092,721,11031,2237,8368,8094,4031,10921,7176,6093,8743,8847,4717,9837,6588,7509,1745,888,705,9460,9116,7249,985,4106,8278,1380,8680,10717,1152,7364,2602,7992,6023,7007,7164,8345,4195,3830,3007,3198,7875,6585,1431,7553,2694,3847,662,3107,9532,10986,3983,8514,6886,8715,311,1916,8193,6376,6250,9198,6328,6888,8700,9127
5585,4902,8624,6765,1120,1990,1451,9489,459,2952,2213,6947,8476,9066,10909,302,4630,2561,5130,2714,5969,8803,6110,6608,2015,6306,3842,7835,3006,8091,6054,9164,754,5351,2003,10341,7448,8638,2775,5285,4174,5689,8983,10834,10879,0,7863,1721,6833,6101,2320,2905,5612,7053,10076,4307,4992,10097,10755,8494,8179,2630,9609,5415,9911,7633,9727,3709,3062,10297,2551,6987,1402,256,615,1501,1975,1032,8868,2788,4237,9578,8367,5117,8065,4281,10682,4524,948,9747,4239,10380,5353,3635,6041,7237,10253,7462,1995,7889,9404,894,9239,47,9017,10762,6748,10211,7326,10182,3302,1194,7145,1201,5251,7916,230,10032,3638,11080,2488,4757,5279,9903,2288,3600,11166,8325,4050,9019,10020,10171,7430,3230,689,2036,6704,8641,8245,10434,1028,8125,2711,1112,10562,9668,2218,2321,5929,7513
1258,7186,1711,5704,3232,586,5757,9899,3536,9278,78,5856,10316,3565,7136,4362,9854,2672,3502,5767,10656,5707,76,2289,3072,5180,9863,7797,2671,4848,9548,7014,8994,7032,5428,3294,2734,5299,9500,10574,6429,3961,1383,1907,856,7863,0,10420,7141,4012,3403,2598,4869,7806,5586,2454,5989,8393,10295,467,5158,3247,3324,9291,2570,7449,8897,701,7737,2803,5667,4700,6776,2540,6815,10251,1965,10602,5286,3117,7884,3422,7655,5608,1388,6100,3383,2655,8925,2143,7724,3543,10791,2001,587,3649,2203,5927,4597,1418,6458,5911,1492,1004,2253,8083,643,9673,4547,8422,539,704,6973,4753,1095,1329,779,3541,9955,5436,1507,2491,5443,7883,4591,10659,10430,9612,7547,9156,1871,9570,974,2722,4426,2584,1931,1564,139,1756,2509,6918,3175,6750,875,4955,4122,6476,7131,6490
10698,1260,1401,9584,1164,10774,1435,6436,3954,3730,4488,5294,5710,2312,10531,9136,3440,6796,2750,3578,4916,6171,8579,3516,3481,1636,7156,1285,7321,4590,2212,10542,5810,6051,10168,10137,8363,63,7722,748,2326,8212,4629,7096,2697,1721,10420,0,5369,5366,2244,783,9493,9029,10187,84,5591,9920,6795,9172,2907,9768,8075,6074,3755,3604,9250,2075,9075,5783,676,3495,3002,9484,2836,4906,4339,8260,1347,1743,5389,6811,10092,9110,9896,1178,6510,8213,2903,7750,9464,709,6477,5296,10680,6284,5588,1707,3758,5796,10900,2441,2079,6096,9015,521,7789,2769,2792,8902,2271,7983,4168,7293,8811,10047,3872,8819,6252,1882,10123,7794,8843,1090,5014,6337,7922,8360,669,4255,2315,3844,8437,137,10303,11168,901,11159,952,7544,11133,10605,5207,7017,1325,6850,7719,3434,9621,9203
9401,5261,2446,8589,4945,10397,1080,419,11120,3134,5107,6619,8431,10594,10818,518,10294,3633,2390,4655,9472,5418,9413,3255,3203,344,9442,6875,9396,11067,2633,10312,1818,4260,6199,9232,4431,9483,1174,3598,10635,4817,790,5303,1055,6833,7141,5369,0,8660,4513,4913,1420,1139,10302,8267,7809,2504,641,7086,9985,4247,4675,5144,1872,7604,4052,2490,7786,2492,4579,4384,6883,8416,997,9419,3370,8145,1334,1546,667,10480,5539,5072,5596,6990,3935,3676,1823,5206,11143,2461,7031,5063,6293,8455,10198,3994,6177,6922,5498,11085,10886,10974,7829,6595,971,7718,8303,782,3881,218,9891,4282,7874,5493,6744,3251,773,5033,5199,10633,6944,6917,4392,1619,7205,7290,1305,4866,7209,5627,4414,1408,5230,5256,228,2841,3426,4020,10965,10981,2506,9328,3864,7579,10101,3672,5300,10606
12,1922,11056,3875,9444,3751,6294,2231,10773,1042,6639,10731,1127,8003,8396,9652,3404,4903,1304,8534,2066,8336,3904,1939,5273,1274,3765,1296,10962,7801,1440,3861,1750,4367,10621,9625,6746,3285,201,11045,2297,6184,2782,9561,4911,6101,4012,5366,8660,0,5647,9314,7816,4167,3430,5035,10701,5406,411,8407,2010,8674,9197,6059,7248,7075,4879,172,4352,4745,10415,10466,8313,3126,8240,3882,1228,3016,7969,9345,4203,1811,8718,3368,8429,7115,1925,9131,10346,9516,3080,2784,10118,1169,7720,10991,10595,4622,1149,9864,5342,6854,57,2145,1617,2440,1701,11086,9446,6451,5356,2820,9204,2742,9593,1667,7195,781,1634,498,8580,6209,2545,7433,4854,3261,10866,8214,7556,6181,4610,7479,9857,8883,1176,3425,9033,8697,11011,6219,6466,5690,8304,1336,10815,2017,3135,9311,9303,3504
445,8744,3520,1604,393,6283,3919,1372,6562,7322,10026,2889,2162,6180,10216,2410,8842,9575,8723,7398,5711,5106,3997,6158,8428,5384,3451,7907,2933,2771,8301,4078,6777,8569,10953,2719,8252,9796,4518,11074,6782,3901,10661,6806,4634,2320,3403,2244,4513,5647,0,1043,2643,304,2110,8102,4999,7738,1826,400,180,4277,7820,8555,1243,3677,8930,6019,9440,4439,6288,3648,1584,3884,7002,8581,2967,5004,7013,373,3975,10270,6397,5243,4574,8790,7599,4791,7298,4889,10022,436,6204,2077,4843,9043,2740,9865,6168,5165,8970,6690,9935,4413,1267,9379,10782,1419,9688,3619,10345,9910,2774,2417,8890,3738,10408,8244,5488,10340,7996,9848,1758,625,9921,9372,10239,6812,5729,8861,4725,9411,1805,5646,6823,4748,328,4792,7535,5773,2053,7171,10848,4886,4303,3960,4943,10141,8298,2542
4804,7120,8255,5872,5870,5164,1592,2979,2192,40,143,352,982,4104,1491,4178,9028,432,8341,1543,8770,4411,6404,994,523,7825,3459,1866,504,3602,2519,3582,5091,2731,3390,1298,8937,6680,2432,4713,4390,1787,1167,2958,2785,2905,2598,783,4913,9314,1043,0,3897,4161,10646,6943,8203,3329,4689,8359,10439,1511,8797,3337,9053,8758,10586,10145,5452,8582,10125,6718,4259,3839,9795,2652,4462,5006,3435,2169,3332,148,6488,688,8493,5558,5455,2863,10983,6037,10333,4751,1514,10941,2662,3529,2658,9355,5609,9513,8501,3120,6067,5050,1653,10510,9079,6216,5892,3225,10233,10783,892,10087,10296,1744,10918,1116,2379,10078,7977,6857,1205,3150,1213,6071,661,8979,3109,8966,1831,5345,3815,9897,6890,6336,4663,811,10892,6049,3883,3726,7376,3822,4793,10538,10665,2762,4985,10511
8967,6621,4415,11140,1731,9096,3143,1138,6278,3473,8878,2871,6988,8570,3580,1969,4315,7166,8548,5694,4299,7771,2869,3796,1144,7489,6195,8082,4166,3155,4566,1549,7400,2922,7550,6725,221,7958,4587,7316,8142,8881,10997,1524,6351,5612,4869,9493,1420,7816,2643,3897,0,3974,5632,6078,960,10172,9614,2287,2487,183,9498,9447,5566,3969,9130,6613,11155,9959,7010,2635,6634,9234,1635,5698,9655,2541,2613,10826,909,10364,6148,10912,8329,1797,3939,8984,6088,8076,4833,331,2707,3161,1490,3205,1534,6980,7585,24,6695,8036,9936,5535,4924,11054,8642,4269,3159,5392,2950,7472,10739,8759,11000,8774,2783,8507,4017,9298,2457,671,8559,6593,11094,8870,10584,7935,9014,1563,4670,2548,5125,9171,5874,9016,7190,7332,1252,9237,796,6317,7705,2364,8235,6982,1051,7832,38,911
