0,2453,2474,648,2544,3094,916,3388,6382,6641,3311,3009,5269,6973,3022,5195,796,5982,1505,1951,5907,5501,6005,2407,2310,1586,3498,4201,5177,6504,6205,4924,3599,3716,3567,6165,1080,3399,1444,2697,1529,3100,1610,4277,1717,5813,4633,6111,4479,6180,5439,6744,3923,5786,6450,6855,6341,1780,5847,3659,3698,3462,4220,6352,5453,1953,636,4076,6675,6152,4391,2369,4414,2472,350,2262,3133,4591,5461,2452,2210,2636,4918,65,856,2115,3032,2391,1869,1848,5161,6862,305,4874,5545,615,2981,3988,6224,3372,6399,888,5810,6289,2903,5477,58,7129,2114,6602,983,908,6465,5474,117,6578,6071,6991,2832,5034
2453,0,2641,3541,4172,3231,6270,3031,5816,5912,7069,4829,1668,7087,3368,3933,4110,2473,6573,4143,2101,5361,6913,6728,5454,387,3076,6045,1541,4967,793,4765,3290,792,6361,6982,928,5338,2303,537,896,3386,6700,542,7067,3468,373,1095,6918,1800,6287,2616,182,5926,5412,5914,5426,4917,372,2991,398,4580,919,6989,6467,6427,526,2154,1816,2451,6848,6924,902,4757,4240,3857,3568,6108,1539,2973,160,5198,5542,5937,2893,5992,6174,3367,1920,2901,45,3465,696,1964,6281,6300,4625,4656,971,2514,5702,6338,2896,4258,310,5230,6115,8,722,3406,5374,569,5357,3474,3727,6620,232,6627,5169,6451
2474,2641,0,3042,5035,6750,1242,2824,47,1389,6793,2219,3471,5515,1283,4684,128,2246,829,5257,2209,1585,5013,5733,4925,840,1674,1573,5838,1523,1379,2823,3710,5239,952,2256,2232,309,6271,6816,4501,4569,1742,3532,2645,1840,90,4043,5215,1958,3397,5397,6758,3504,5588,5396,3884,3359,2606,3549,4838,1936,2977,4013,1894,5379,3212,1201,3294,4895,771,2961,4554,1815,2327,5399,1082,6981,5535,4663,5395,2660,5883,1945,5157,4177,1600,4348,5443,4954,3764,805,6919,5603,4475,3962,5849,1987,1938,6138,3981,3931,6314,6524,2244,3635,6065,6523,1834,4053,3566,371,344,283,5877,6572,846,2225,4963,6906
648,3541,3042,0,1398,756,6454,6682,899,3721,1599,6142,5263,3355,6440,1050,1302,1196,694,5735,6362,5467,3643,5331,3734,1091,4384,3550,559,107,6242,5507,4855,3638,2822,2663,3985,6797,1049,5104,2173,6559,1737,515,7049,3956,4999,5463,6822,86,7044,482,618,6455,2415,6061,5460,6437,6325,4977,6215,604,2476,1608,3927,6306,990,7081,4513,4190,3318,2974,6209,4204,3266,3840,1222,5652,3580,4966,4489,2229,4989,1090,1337,1726,2408,3229,5906,205,2199,5283,6263,653,4868,6959,4322,4750,246,1041,5570,1693,3390,5894,2614,3869,7091,29,943,2253,2740,2578,2215,485,6619,425,4344,4673,40,6799
2544,4172,5035,1398,0,2375,725,3310,5308,175,6828,3486,2809,248,2392,1883,51,5244,1656,6318,396,2696,2951,1429,2254,3114,4841,3439,3015,2343,987,3556,3882,6354,1096,784,2498,6212,703,6666,845,3309,5153,5471,1443,4481,3490,5974,3604,3103,4717,498,6068,6823,5949,4854,3452,2609,1373,3288,3915,1113,6657,5531,126,1261,665,3197,3438,3087,4881,2931,2665,1946,1996,6220,6185,4134,2443,1248,6951,267,2517,2166,1933,4306,5651,4867,6052,1507,6849,3072,6759,5637,5136,3725,5428,6411,6697,6711,6679,3715,1972,2537,1525,2164,2567,2439,4088,106,125,5007,4859,5363,6829,4174,4050,1859,1685,4183
3094,3231,6750,756,2375,0,614,3602,5562,3117,5368,4975,5090,4148,894,4871,5422,3448,4609,6491,2795,1388,1562,804,2851,536,2853,1851,5952,3096,5199,4926,4928,1252,4281,4142,1706,84,1624,5729,3785,2760,2163,4210,788,707,6262,5371,721,815,4292,5166,2505,460,5200,560,6988,4161,5008,7097,4721,7078,2920,904,2494,6498,1893,4668,5004,6603,1402,2333,6407,1739,2833,2092,2455,6486,5860,6139,522,1774,3190,1045,4104,2420,4273,6211,2471,1243,1659,4425,4910,1437,4801,2054,4280,886,6296,4270,6719,109,3417,1947,2538,4932,2354,4145,927,1879,2263,6605,1503,544,3982,5902,974,6911,5326,4839
916,6270,1242,6454,725,614,0,1464,1924,242,2540,596,4130,5504,622,3106,985,7009,181,1100,6755,5842,5523,5511,489,5673,6900,5756,5693,6173,4393,1776,4735,6570,5917,3591,3442,3331,4323,1683,6631,6248,6798,2398,5768,3201,2700,2850,2649,6230,1597,5832,1492,6258,1028,5795,623,5706,6714,2371,5886,6860,637,2177,4680,5659,2296,2049,4024,5802,1765,5108,7084,5115,6100,2399,4619,6768,4301,5691,6740,7026,360,2630,1691,1819,5758,450,3158,6867,4469,4866,1895,1237,6600,6601,1328,251,2277,3570,5038,252,191,2871,6640,1311,6902,1250,2880,6720,6839,2603,1761,2088,4039,135,162,2126,444,2111
3388,3031,2824,6682,3310,3602,1464,0,4511,3787,4887,7107,5575,5763,673,168,6509,6476,6197,4747,3165,6254,5676,1888,2350,4743,5232,1688,4983,185,366,1399,730,3530,6693,3343,6969,237,4371,3971,2193,2475,3940,6508,2374,245,503,5772,6763,5375,4445,161,5554,3705,4297,5009,4122,682,6532,2272,593,1655,5086,4973,4313,2644,4706,6311,2602,1160,4566,95,836,6327,7046,2836,989,4802,5911,2499,4907,754,3463,5210,6928,4697,2994,1606,505,81,3697,3038,3196,4828,2933,307,668,3092,5314,3377,1,6121,5528,3018,4181,1583,4965,3777,4961,6847,2659,4556,5656,1594,1215,1120,5543,1246,2826,2252
6382,5816,47,899,5308,5562,1924,4511,0,6302,2411,3813,5116,4057,3077,1186,4953,5830,2695,2278,2261,6963,3074,6875,4505,926,6264,3786,4225,5986,4693,3684,1411,2875,2601,4774,2200,3143,3652,4383,6892,275,1828,3156,4,3747,261,3026,5626,5298,6929,4914,7041,3965,3582,1941,4947,1156,258,635,6688,2800,370,1390,1931,1753,6992,6771,3683,7105,2442,380,4362,6970,2706,6707,5067,3819,6012,2675,5404,5594,233,3003,906,3384,6994,324,3772,1404,367,6032,4709,2167,6708,5564,278,4064,4278,1984,1663,4429,3023,4893,2989,215,3493,715,2057,4778,4570,1621,7057,2765,3053,5457,2647,5129,5954,3873
6641,5912,1389,3721,175,3117,242,3787,6302,0,1253,5923,431,2113,1185,2139,4023,4797,3718,6124,1937,2282,82,3043,6563,2553,3177,530,3866,6644,6110,633,4343,4032,137,6507,4626,813,4687,4091,1162,3404,6952,1135,6348,224,4969,2501,6294,2816,3382,6183,2584,4502,3685,7121,6861,6690,2388,869,3894,6692,6385,853,487,6434,2366,472,2771,2658,3881,244,6401,1119,5536,1744,1839,5855,5534,3314,4533,6344,1783,6815,4106,4191,1286,2103,935,5290,3335,94,3381,1922,954,1976,2949,3893,2312,6522,4719,5080,5744,6932,6297,6732,6966,5318,837,6365,2975,4194,1517,3632,1584,5695,968,6809,3929,6333
3311,7069,6793,1599,6828,5368,2540,4887,2411,1253,0,5980,4223,649,712,1076,4596,3242,3719,15,3403,1900,6374,4315,5734,341,2,6909,457,2341,5011,3696,2522,509,6457,292,913,3863,4395,4327,3822,5616,6195,3336,1083,2525,1033,6652,2360,3295,6618,130,5526,4850,2964,167,3904,5818,2554,6624,6916,4664,2731,1056,2260,2387,6764,3585,6470,4791,5500,5287,2401,4207,5574,2107,3440,4321,2449,5192,3151,2194,4347,602,2033,6084,6015,1732,2526,3702,4576,4681,2946,2006,5981,3608,1955,2039,6145,3131,2763,1274,3722,5928,2323,325,120,3528,3089,2548,5848,3671,4670,3175,692,3655,6551,5966,2221,4120
3009,4829,2219,6142,3486,4975,596,7107,3813,5923,5980,0,3628,470,828,2478,6953,4787,6310,5552,1795,2337,4901,5615,5275,6877,3317,749,1561,3689,5042,5286,1810,687,2985,6000,4685,6010,6548,6353,3496,2855,1104,1342,2340,2147,3916,4879,286,5870,2620,2412,1271,2059,7017,2074,5000,2146,2013,6761,6087,4325,5548,1474,1997,4420,824,1125,1408,5653,2052,5544,1235,397,5748,4073,5383,2181,4477,4900,6339,4350,3694,98,4766,2998,103,1713,3945,4328,2868,5996,5811,5016,4047,2195,2654,1331,6202,713,4309,2269,660,6133,6383,1919,3967,866,6029,4374,2081,2643,6802,5590,6171,4332,1614,6639,4938,5780
5269,1668,3471,5263,2809,5090,4130,5575,5116,431,4223,3628,0,1072,2483,7065,3539,1491,5600,627,3558,1906,3475,1154,6340,5962,3255,3666,4952,4535,140,2930,647,3895,2515,1939,5956,1566,6107,6329,2714,3080,1519,6512,718,1669,4233,4123,480,4320,4215,3879,7103,452,4451,2891,5334,1361,1304,3396,2051,3687,2535,6426,6447,85,4733,5540,6429,3104,4585,5602,5822,2679,6101,6891,2967,4103,861,5491,1401,997,1805,4781,1833,6819,5355,5815,2585,3097,3203,4679,4271,2547,2152,5719,5604,3037,2848,321,2485,1019,4416,5446,951,4949,1227,5229,6921,3051,1616,885,1073,4542,3123,6487,3510,4138,6024,1520
6973,7087,5515,3355,248,4148,5504,5763,4057,2113,649,470,1072,0,1428,2158,2854,5247,5718,3216,5073,2966,2336,7127,1297,3299,3627,2055,3911,5896,5844,6584,3109,4892,5612,3405,2493,6594,3717,1103,3105,6960,1114,663,5125,5485,4696,4221,6127,5231,780,5072,4421,1187,4080,6674,3649,5221,5730,3264,5003,4571,6417,5220,4665,3095,3363,1473,1221,6154,2004,1809,4946,1112,5852,1619,3220,6967,3081,3293,448,2701,3964,2541,5185,5142,439,5082,945,6223,4863,4083,5556,3319,1159,2293,1194,1263,2639,4811,4113,6014,5863,577,3340,4074,2029,2446,2419,1700,4760,3101,4067,3411,5805,2264,3763,216,7128,332
3022,3368,1283,6440,2392,894,622,673,3077,1185,712,828,2483,1428,0,4578,4823,6621,4536,770,5354,6346,1686,1745,3586,6373,4574,821,2959,1867,3191,1343,4659,1508,6794,469,53,2574,6705,5953,4211,7048,1475,5053,194,5721,7039,3455,3619,1720,6712,3246,4508,1088,6742,6303,2148,4636,6585,6013,685,2060,2631,744,240,563,3237,4070,1376,2062,6535,763,875,576,527,1785,3476,50,3724,280,6022,4415,3579,5555,5892,4248,2970,814,3540,1870,4081,2365,6404,438,1026,490,3842,2566,4436,4584,1367,556,5670,2426,6141,6654,839,5036,2510,6123,1576,4627,4991,5297,5965,2422,227,3609,2480,5591
5195,3933,4684,1050,1883,4871,3106,168,1186,2139,1076,2478,7065,2158,4578,0,2396,287,3872,5400,6882,4564,1652,1169,2667,1192,4614,5560,6050,1912,5622,5267,4354,298,5303,4339,667,3647,348,1085,2468,1400,466,2705,1077,897,3995,6787,5372,2536,2134,1534,6694,339,589,376,2724,4756,3631,2135,6773,2063,2627,4882,1838,7003,7083,2040,3170,4303,6187,2843,1967,1681,6568,33,4016,4228,5625,4048,3804,6910,6496,3901,4589,2125,1387,1788,5260,2940,3978,717,662,5238,5929,4618,5777,2864,4084,5857,601,338,2280,3921,504,4532,3564,6060,4357,3011,2492,2812,932,700,5686,4604,5251,4034,1874,5434
796,4110,128,1302,51,5422,985,6509,4953,4023,4596,6953,3539,2854,4823,2396,0,4700,1309,4366,1740,3055,4279,5584,6252,920,3636,1181,6920,1312,2952,5133,1142,1118,4004,5814,3507,437,5634,3086,4674,5698,698,3501,5392,5271,6695,1022,2000,1052,5366,5752,3883,5990,6670,708,343,7070,6724,3648,1509,274,3298,7024,5667,5743,5567,5102,2545,2942,2993,342,5182,2447,170,155,1792,206,2929,892,2879,4880,1778,5329,4777,4466,5529,4410,2555,3732,4512,4544,4040,5459,3453,3186,7008,3798,3758,4000,4548,5068,5700,5414,5642,2234,1478,2085,5064,6396,7074,1530,301,3533,2909,5328,3506,1219,4131,4246
5982,2473,2246,1196,5244,3448,7009,6476,5830,4797,3242,4787,1491,5247,6621,287,4700,0,6406,4151,6021,6106,2666,4789,4245,6041,5938,5576,463,2329,2445,6266,2556,6840,196,213,4730,5273,3600,6441,6528,5750,6227,5887,207,3078,6119,6031,585,6887,6575,6881,3730,143,3502,2586,1647,5120,198,1905,2184,2105,124,598,4020,4762,1701,189,5687,5280,1197,6347,4702,3523,4803,48,3854,4689,1284,7130,6191,5508,3889,5566,546,3248,3595,6886,6148,1794,3446,2753,3477,521,5304,4406,1515,1282,5496,2050,630,4755,1855,3111,6278,4986,5262,603,1210,4126,613,1928,2275,6649,4360,2168,3419,7056,6687,2311
1505,6573,829,694,1656,4609,181,6197,2695,3718,3719,6310,5600,5718,4536,3872,1309,6406,0,3132,1971,3726,3171,2185,1762,3127,6544,6944,4632,5135,5513,4808,2112,177,5773,5017,4434,2988,5995,5250,2335,4678,4307,2965,5751,5205,6564,337,3435,4898,1527,3432,4603,6552,351,464,362,1944,5976,5585,6416,294,2926,6415,1424,7023,1418,2078,6497,5149,3308,3205,4494,234,5047,3598,2986,2180,1980,6676,996,2551,5664,777,2733,6232,3592,4370,6645,5940,900,5569,6056,2797,3344,3207,5407,5873,5022,6632,5888,2091,4911,734,1205,2634,5547,1533,394,2924,3437,5503,6957,1101,5050,3268,141,5788,5701,6198
1951,4143,5257,5735,6318,6491,1100,4747,2278,6124,15,5552,627,3216,770,5400,4366,4151,3132,0,510,4970,7036,322,1164,2352,1704,2359,259,238,3948,5337,6821,2953,1168,6245,1182,3146,3472,609,2511,1348,333,779,3394,5509,7110,7021,364,2084,4318,2368,147,4677,3352,5085,5242,5715,6927,2723,1985,2463,6210,5776,4598,2807,2491,6741,1039,4025,5541,5968,5672,4284,5445,3994,1664,276,3877,3256,1092,1259,4933,5998,6075,978,5292,2003,3130,7096,2171,4631,1627,1458,3699,1806,5710,4845,4272,6166,3324,2572,4654,6231,3515,2968,5549,2852,6990,4763,2562,1094,6926,4193,5421,4819,5330,3680,263,4065
5907,2101,2209,6362,396,2795,6755,3165,2261,1937,3403,1795,3558,5073,5354,6882,1740,6021,1971,510,0,4096,4459,3279,5983,6156,533,5538,4038,6461,4121,3527,6845,1569,4340,2348,5948,1896,1355,3082,6866,3238,7050,1202,5340,3596,3431,3129,4671,3752,4268,7075,6808,2923,551,5785,4944,1577,5254,1847,6826,6047,6833,2380,4610,5789,5155,5905,6634,4541,4524,5170,4691,6228,2681,3492,4521,166,2623,2128,7059,253,5165,5061,3581,3500,5427,1715,5654,5274,4390,5705,7090,5859,2859,3949,4385,6775,5456,5174,4166,7123,5964,6558,2612,5466,316,2704,5869,1684,1482,2815,1791,1293,4111,3806,4908,6660,3460,223
5501,5361,1585,5467,2696,1388,5842,6254,6963,2282,1900,2337,1906,2966,6346,4564,3055,6106,3726,4970,4096,0,2651,2477,3782,1545,3979,4199,5614,740,735,2773,2698,2384,6901,4581,4601,5160,163,4310,3091,1280,4092,3021,2655,5333,2117,340,801,1220,3265,3322,3519,1460,3393,524,2750,6983,2124,5666,1315,909,1611,4352,2086,4089,2648,4561,6746,1807,2094,1340,3561,2725,599,432,2119,1887,6767,2972,6235,3107,1051,5599,6291,152,1353,6938,6033,1277,3162,6579,1764,2465,6129,1860,4982,3815,6469,408,5494,1370,5065,2196,2100,4711,1067,2153,833,3136,495,5356,5054,6277,5225,1501,6201,2727,3526,5745
6005,6913,5013,3643,2951,1562,5523,5676,3074,82,6374,4901,3475,2336,1686,1652,4279,2666,3171,7036,4459,2651,0,3441,6466,4478,6825,3827,4837,6257,513,611,3083,520,6972,407,2223,2233,5077,3270,4386,2106,4861,273,2036,4261,2385,1651,6095,1995,2370,5692,2867,4141,2542,6390,6908,2287,6770,6569,6199,6539,2919,5285,2590,1294,146,5005,3059,6723,6870,5837,1661,4031,5853,2899,1695,93,4368,2637,2286,3731,3135,4058,2787,442,5420,3505,4259,6004,6051,1214,5891,3019,5105,4683,2413,426,1722,4715,4657,73,2179,4170,1124,1008,7000,3181,6933,4737,933,4305,4440,6885,567,5617,3046,2533,3466,4379
2407,6728,5733,5331,1429,804,5511,1888,6875,3043,4315,5615,1154,7127,1745,1169,5584,4789,2185,322,3279,2477,3441,0,7052,80,782,5638,6203,7120,2955,3662,3853,2581,1556,4731,4964,486,6540,2238,2141,4157,3834,2306,736,3039,3349,3240,5364,2737,291,1935,1866,3720,4573,742,5475,5429,5132,1171,6478,2656,2786,6925,1324,5365,6256,6384,3645,4188,3640,5682,1802,4770,4998,3622,5858,1089,1279,5023,5522,3073,5502,2160,1993,5339,7068,2793,2042,5827,4530,145,4196,3008,3557,2621,4812,2308,4077,429,2372,5265,2048,7029,1143,883,6125,3958,1433,1281,1903,2464,5433,4517,1232,3774,3661,5679,3613,5051
2310,5454,4925,3734,2254,2851,489,2350,4505,6563,5734,5275,6340,1297,3586,2667,6252,4245,1762,1164,5983,3782,6466,7052,0,581,4648,5171,6008,2944,969,6275,154,5915,1115,844,6319,2922,2346,132,271,2389,7015,383,6058,4844,605,3728,4972,6576,2332,2945,5028,4537,947,6801,2424,1721,6074,6492,2523,3012,4056,178,584,3470,1637,6364,1636,2693,1454,5455,1779,6737,4171,1179,4978,4180,3848,2489,5001,4051,4007,4699,1568,3551,1521,57,6590,3380,5103,1145,3820,898,5775,2755,38,3283,6072,5497,6097,5525,5121,4035,1837,2155,6221,3621,5448,4044,3765,733,2467,2070,2716,6069,558,5098,303,5639
1586,387,840,1091,3114,536,5673,4743,926,2553,341,6877,5962,3299,6373,1192,920,6041,3127,2352,6156,1545,4478,80,581,0,2670,5033,97,3577,4547,4203,3543,2751,1349,4252,1011,1607,2633,3121,1188,1455,1105,3,4769,6792,555,4877,4337,6313,4474,1904,3274,5784,1727,6521,4375,3155,1484,4754,5704,5662,484,2030,661,4033,4587,1615,6419,6499,3829,2243,7124,493,6915,386,4441,868,2573,209,1350,4285,6520,5382,353,208,4788,5341,716,583,4046,6179,2206,3588,2325,5875,3416,3775,628,3646,5677,1442,3125,1231,3823,6739,6260,2309,3748,1589,2969,1957,3137,4507,2402,229,6556,6412,14,3277
3498,3076,1674,4384,4841,2853,6900,5232,6264,3177,2,3317,3255,3627,4574,4614,3636,5938,6544,1704,533,3979,6825,782,4648,2670,0,4666,6464,5206,2460,3305,1842,1020,2005,7058,139,1825,5425,1865,5154,631,6727,6322,6729,4510,7031,3589,3743,9,3512,3433,5145,4253,5943,1172,3247,5865,4283,6034,4463,7043,3630,3029,6342,410,3932,2497,6824,7033,4288,4097,2197,2925,5264,4109,217,2640,441,4518,4381,6810,4235,5335,369,6485,5674,3537,4703,5975,849,2726,6480,4599,5696,4525,477,3064,2318,3346,1299,2978,3422,3709,6752,3434,4956,1295,4605,3905,1757,2917,118,2276,3418,1845,6483,4331,6653,6088
4201,6045,1573,3550,3439,1851,5756,1688,3786,530,6909,749,3666,2055,821,5560,1181,5576,6944,2359,5538,4199,3827,5638,5171,5033,4666,0,6204,3781,3272,30,6984,1940,4592,254,31,2883,2518,61,1644,5039,6460,3084,4921,1536,4616,2956,7007,766,4377,860,5648,2208,3223,3952,5075,2035,6526,802,1204,1885,4639,5306,3954,1131,6239,6889,4086,5880,5934,1635,3899,1711,6779,6515,2519,5163,693,6738,819,790,6979,2437,2414,6869,1841,3925,2328,4365,3345,2615,7113,2292,6995,810,1628,4646,650,4299,7012,4809,1890,5014,993,6856,4960,381,6472,4219,3141,5188,6659,3187,2594,4840,876,6377,6949,3062
5177,1541,5838,559,3015,5952,5693,4983,4225,3866,457,1561,4952,3911,2959,6050,6920,463,4632,259,4038,5614,4837,6203,6008,97,6464,6204,0,3938,4940,6104,1942,6895,5268,1290,6812,2289,4686,5114,3400,6702,4264,5831,1495,6477,607,870,3371,4722,7066,108,1799,6279,3195,467,3553,4428,5289,4119,256,3071,5353,1126,2237,2509,1775,4611,3373,219,1063,4129,2914,4996,3273,5279,1468,5854,6721,3783,5478,218,1697,2579,3836,2022,6320,2428,3571,999,6299,1352,3079,2927,2201,2097,5557,5895,5947,39,882,3737,1230,6028,6017,3192,6366,6782,2379,1634,2677,6757,3542,1916,2270,415,6699,4355,931,5903
6504,4967,1523,107,2343,3096,6173,185,5986,6644,2341,3689,4535,5896,1867,1912,1312,2329,5135,238,6461,740,6257,7120,2944,3577,5206,3781,3938,0,102,6831,1332,3219,2314,6974,2506,2686,6643,5913,5624,508,2593,5514,3534,49,4330,5241,6359,4878,3864,192,4072,3897,6265,4645,144,6647,1604,6753,4041,5006,150,2722,7063,3755,2212,3307,6684,5307,1858,3818,5043,570,5800,5191,1798,3664,3669,3271,6376,3713,884,3497,7040,2295,2534,851,6872,1128,5731,4108,2834,5468,3044,4773,6517,4624,4412,2840,5972,3332,5069,6813,3260,4873,3389,3424,5092,6181,1074,750,4417,436,4208,940,2226,5918,5973,1680
6205,793,1379,6242,987,5199,4393,366,4693,6110,5011,5042,140,5844,3191,5622,2952,2445,5513,3948,4121,735,513,2955,969,4547,2460,3272,4940,102,0,5084,2456,5347,2759,2635,4563,5233,7019,497,4794,2448,1532,476,7025,2898,3584,6555,1884,488,1950,1121,4886,6410,3723,3999,4232,2189,5316,1434,2819,2983,1260,1789,110,6082,4209,4358,5240,4380,3050,6036,5158,2267,3868,6864,525,4128,63,3375,5131,264,2020,1459,2598,6019,2321,6547,46,1407,270,1238,247,5119,6077,791,5015,104,6580,1037,4213,3063,1419,5317,1165,6941,3874,1986,3215,3525,5492,1657,5204,3232,5771,5128,6713,6070,6962,6177
4924,4765,2823,5507,3556,4926,1776,1399,3684,633,3696,5286,2930,6584,1343,5267,5133,6266,4808,5337,3527,2773,611,3662,6275,4203,3305,30,6104,6831,5084,0,5321,6777,6398,18,3511,288,3797,6611,3249,4600,62,3878,3707,6,1422,2862,4197,5582,4504,6754,3955,4539,5483,7095,3708,2934,6710,4367,895,5598,1642,4335,6151,4408,1961,1030,5386,6735,2395,873,1452,5861,6114,3153,172,2220,5804,6778,400,638,960,917,3544,3587,2188,6255,1818,1588,5030,3370,6689,5945,4852,4572,6018,3160,5181,6965,3168,1709,5579,5760,1035,2469,328,1191,4885,4105,4291,3159,4779,4491,5765,7064,1012,5724,296,399
3599,3290,3710,4855,3882,4928,4735,730,1411,4343,2522,1810,647,3109,4659,4354,1142,2556,2112,6821,6845,2698,3083,3853,154,3543,1842,6984,1942,1332,2456,5321,0,1386,1427,5031,4796,4793,4913,6725,1335,2488,3024,7004,129,922,1670,2319,6931,4186,3407,2129,459,5134,4195,4226,3408,2546,1133,1929,6814,606,5223,202,3678,727,6846,6243,6680,2300,2320,3414,1374,5678,3491,2330,632,6646,496,6743,1999,4543,131,6662,5123,2799,2746,3831,34,6038,2132,4740,5168,7005,590,1801,887,1582,1032,3778,688,1826,1208,5879,5977,6599,241,3473,776,3908,6592,6934,3796,6226,6246,532,5212,4759,591,6438
3716,792,5239,3638,6354,1252,6570,3530,2875,4032,509,687,3895,4892,1508,298,1118,6840,177,2953,1569,2384,520,2581,5915,2751,1020,1940,6895,3219,5347,6777,1386,0,1477,3241,518,414,3843,4814,6545,5359,5647,6324,1016,3898,5899,4519,6274,539,5449,411,5479,1578,976,299,6530,5632,2610,970,4676,1496,1144,3459,3706,1436,2846,4154,4713,2019,3980,2676,4353,2820,5055,1409,5862,5727,2334,5618,456,6146,2490,1224,1542,290,5167,3937,6922,6841,2274,2273,2662,5726,4660,5237,5081,1377,863,6448,1014,5951,6402,2632,3145,2577,4588,5489,612,6748,3690,5806,1456,5186,4484,3036,6369,3347,6516,4734
3567,6361,952,2822,1096,4281,5917,6693,2601,137,6457,2985,2515,5612,6794,5303,4004,196,5773,1168,4340,6901,6972,1556,1115,1349,2005,4592,5268,2314,2759,6398,1427,1477,0,382,165,3805,5550,4139,6513,183,1385,1009,6482,4994,3944,1666,6715,1772,991,7106,3267,6501,1603,4231,1396,5984,6917,4100,4461,1265,4799,6776,1854,434,2682,1006,1354,3892,3000,6912,5137,2137,6162,239,5370,4167,4152,6961,6267,6307,1811,6150,979,405,2568,2203,2302,2176,1300,1025,5409,2527,1485,4496,2688,850,1571,2743,5697,4783,3061,6780,5769,3762,1646,2881,4622,3658,4708,221,5208,6175,2271,5196,6131,4870,4903,2767
6165,6982,2256,2663,784,4142,3591,3343,4774,6507,292,6000,1939,3405,469,4339,5814,213,5017,6245,2348,4581,407,4731,844,4252,7058,254,1290,6974,2635,18,5031,3241,382,0,6830,327,1754,5113,4897,2937,2784,5694,5087,5878,6804,5276,5079,1590,6298,2979,3461,1146,3179,6717,3569,3482,4560,6099,2041,4144,6259,5183,6519,2231,4465,2792,5738,331,1748,5256,512,2174,435,1853,3924,6206,269,5825,6561,430,4455,1959,5774,356,6589,5583,285,2257,5148,6565,2165,6622,6525,3228,1167,5178,2539,1170,2599,4860,523,6170,5900,3385,3025,377,4018,5387,4847,5753,6827,3617,6380,1057,2058,2596,5967,2290
1080,928,2232,3985,2498,1706,3442,6969,2200,4626,913,4685,5956,2493,53,667,3507,4730,4434,1182,5948,4601,2223,4964,6319,1011,139,31,6812,2506,4563,3511,4796,518,165,6830,0,1892,1743,953,5796,4198,775,2707,4540,597,71,864,3278,1493,6002,6807,5935,1423,5301,6186,1813,5893,677,4923,293,3793,6749,4401,5904,1724,2810,7073,3342,7098,3867,2595,2712,6514,3199,843,119,4205,5147,5293,626,732,5207,3316,6998,4457,1703,4746,6182,7034,6638,2730,3642,3816,6956,7047,6788,5997,3188,4707,7093,21,5325,745,4470,4200,5790,5045,3885,3761,1618,6323,6546,4296,1617,1021,1734,1449,4843,1725
3399,5338,309,6797,6212,84,3331,237,3143,813,3863,6010,1566,6594,2574,3647,437,5273,2988,3146,1896,5160,2233,486,2922,1607,1825,2883,2289,2686,5233,288,4793,414,3805,327,1892,0,2794,3547,4435,2849,2120,3674,6907,69,6636,6937,5018,5476,3325,4577,188,2089,5970,6923,5203,6616,6394,3140,6009,4643,5141,7136,3002,5680,955,5431,1499,3837,1017,2699,6996,4169,2646,4446,1150,1917,3620,3939,1102,4488,6193,5410,5310,992,5924,7018,5346,4480,646,4241,4915,6796,2258,6363,6531,5645,4116,6420,4269,2735,4256,3041,5916,4984,479,2025,5402,1447,3254,3756,3663,3172,3503,1435,6730,200,3183,6134
1444,2303,6271,1049,703,1624,4323,4371,3652,4687,4395,6548,6107,3717,6705,348,5634,3600,5995,3472,1355,163,5077,6540,2346,2633,5425,2518,4686,6643,7019,3797,4913,3843,5550,1754,1743,2794,0,300,6557,54,1410,3593,2715,2216,1620,3369,3997,6633,1871,2461,336,1835,5930,1140,554,6290,1229,4251,6312,7109,831,2982,1708,3401,921,3119,4448,4526,3338,4590,474,2729,1330,4651,4813,4160,5707,6158,1730,6857,156,1044,1296,5717,2703,1981,4162,6858,1383,4452,6397,4987,6623,326,1852,4503,3912,3200,5187,5447,918,4559,6789,891,2529,1416,5732,6305,2378,5288,3513,787,3157,5228,3209,2416,4287,2889
2697,537,6816,5104,6666,5729,1683,3971,4383,4091,4327,6353,6329,1103,5953,1085,3086,6441,5250,609,3082,4310,3270,2238,132,3121,1865,61,5114,5913,497,6611,6725,4814,4139,5113,953,3547,300,0,2845,5969,3607,6806,3069,138,1213,2500,2249,2791,3161,4688,427,1812,1914,5829,958,1412,2043,5091,1240,4094,4558,6663,5458,6756,3234,4189,1122,2938,2108,3182,4254,5728,2353,1461,6698,4175,72,557,2741,1518,678,6733,4275,3166,1784,2622,2409,5406,1760,465,2349,3027,3211,5572,2863,1830,2245,5595,5921,1487,6184,925,5723,3692,2811,3289,1141,1741,6533,2721,2297,4388,2248,424,6718,4082,2066,4786
1529,896,4501,2173,845,3785,6631,2193,6892,1162,3822,3496,2714,3105,4211,2468,4674,6528,2335,2511,6866,3091,4386,2141,271,1188,5154,1644,3400,5624,4794,3249,1335,6545,6513,4897,5796,4435,6557,2845,0,3033,1441,2007,5950,1771,5309,2808,2121,5840,3204,1677,6606,1347,64,2075,5393,4432,5559,312,6023,3057,4586,1648,3865,3969,403,1498,1005,4302,3562,368,3703,6947,6137,4827,4342,186,2626,1209,911,1954,795,4990,2162,5320,6673,6628,6433,6161,4001,268,5665,1448,4333,2458,4698,1689,3070,6093,1071,4822,5332,481,2571,6424,2976,6844,5021,3830,1413,3545,4894,2932,5946,4617,1287,5754,6534,4869
3100,3386,4569,6559,3309,2760,6248,2475,275,3404,5616,2855,3080,6960,7048,1400,5698,5750,4678,1348,3238,1280,2106,4157,2389,1455,631,5039,6702,508,2448,4600,2488,5359,183,2937,4198,2849,54,5969,3033,0,5380,159,6335,4528,2842,3269,3946,4834,462,3641,865,304,1247,4008,1183,915,379,5716,4372,6968,3099,179,4883,3801,6326,6987,1291,4922,3766,3802,748,6345,1524,7061,3150,1384,52,3426,2440,6251,1149,4137,6218,2828,1989,3333,6222,4993,6609,2841,741,540,2423,6511,4405,4579,4418,6658,2192,3245,5823,78,2804,939,3880,4010,834,2971,5060,2046,4495,848,2317,2383,5088,5755,6977,5049
1610,6700,1742,1737,5153,2163,6798,3940,1828,6952,6195,1104,1519,1114,1475,466,698,6227,4307,333,7050,4092,4861,3834,7015,1105,6727,6460,4264,2593,1532,62,3024,5647,1385,2784,775,2120,1410,3607,1441,5380,0,929,3799,4833,4714,1671,3508,1345,6506,4875,3218,5709,5627,5580,3986,2847,1861,6452,499,7013,5817,2604,5093,314,1592,1696,4931,1500,548,2918,5722,5162,6818,3838,4761,1001,2198,3167,3887,6043,6772,2347,6474,2892,4336,6518,4936,823,3773,4842,2403,5856,5245,25,6117,1316,1470,197,3951,3615,4899,835,55,4014,4168,3339,4059,112,5826,4398,4992,3751,3909,2897,5470,3624,6408,4112
4277,542,3532,515,5471,4210,2398,6508,3156,1135,3336,1342,6512,663,5053,2705,3501,5887,2965,779,1202,3021,273,2306,383,3,6322,3084,5831,5514,476,3878,7004,6324,1009,5694,2707,3674,3593,6806,2007,159,929,0,1117,3421,7053,1359,3144,3789,1264,4492,4460,6629,6475,6057,2438,1421,4101,2605,3225,1417,1908,281,5909,6783,1921,6542,3413,3941,641,1153,5633,3876,812,3637,5367,1973,6122,2757,6541,2806,6648,6055,7140,2382,6946,1047,3415,4864,4514,6079,6785,4534,1483,3124,6672,984,3665,1207,3814,7132,6157,1472,3563,1698,5222,3616,995,6626,1549,4458,1552,5140,3812,5417,3858,4718,4378,5798
1717,7067,2645,7049,1443,788,5768,2374,4,6348,1083,2340,718,5125,194,1077,5392,207,5751,3394,5340,2655,2036,736,6058,4769,6729,4921,1495,3534,7025,3707,129,1016,6482,5087,4540,6907,2715,3069,5950,6335,3799,1117,0,3810,4727,6413,3066,1007,871,68,2344,157,1278,4920,3524,5919,6241,388,789,4951,5532,4214,3280,3973,5305,1228,5097,7077,1110,676,5884,1915,6216,903,798,2747,5942,5291,2434,1638,6899,731,5066,4163,5606,1913,4485,2118,5390,1211,1256,6617,5812,412,2307,4905,1567,1155,6085,4012,5571,4682,1932,4487,6053,5179,3409,966,644,2894,3612,171,3040,2782,2032,3224,1199,23
5813,3468,1840,3956,4481,707,3201,245,3747,224,2525,2147,1669,5485,5721,897,5271,3078,5205,5509,3596,5333,4261,3039,4844,6792,4510,1536,6477,49,2898,6,922,3898,4994,5878,597,69,2216,138,1771,4528,4833,3421,3810,0,1391,6939,4583,1148,6035,3749,4637,1173,5488,5482,5781,6894,2357,6854,3391,5939,4768,5029,127,4553,2486,1450,473,5635,7076,6656,1601,4635,5094,3449,643,975,2507,2742,3917,2236,2313,1465,1087,963,297,317,2870,1781,3560,2031,1069,3992,6371,3546,5521,6651,3862,2242,5821,4849,6188,5217,3776,1360,2831,5352,5248,2183,3147,2689,5779,475,6734,1631,6054,4725,1596,3395
4633,373,90,4999,3490,6262,2700,503,261,4969,1033,3916,4233,4696,7039,3995,6695,6119,6564,7110,3431,2117,2385,3349,605,555,7031,4616,607,4330,3584,1422,1670,5899,3944,6804,71,6636,1620,1213,5309,2842,4714,7053,4727,1391,0,2441,7082,5243,5746,1882,767,4658,2769,4498,2798,4274,3208,547,113,5302,2583,7011,3410,3521,6716,6615,4099,6109,6213,4054,705,656,1537,2844,855,6935,4133,4244,1189,4909,6883,4862,2752,5139,419,66,2996,1471,5487,2582,6948,1036,2776,235,3341,4701,6358,100,1298,4095,5978,1378,2521,3387,4506,2532,3633,3108,2067,1570,1372,6876,753,2796,346,2268,6550,4187
6111,1095,4043,5463,5974,5371,2850,5772,3026,2501,6652,4879,4123,4221,3455,6787,1022,6031,337,7021,3129,340,1651,3240,3728,4877,3589,2956,870,5241,6555,2862,2319,4519,1666,5276,864,6937,3369,2500,2808,3269,1671,1359,6413,6939,2441,0,2358,1923,6189,4430,3292,3480,6805,1003,4447,4968,4423,10,672,2756,2950,4644,4985,7088,2911,1206,4780,4419,1832,1510,5246,2587,566,852,4164,1023,6842,2550,358,579,783,2738,277,2958,6073,3122,4192,4531,210,728,1176,7072,3243,4641,417,3677,4896,1127,3711,149,7116,3682,2425,2376,6386,4345,800,6130,6896,5360,289,2364,3163,5452,1236,5597,5623,5563
4479,6918,5215,6822,3604,721,2649,6763,5626,6294,2360,286,480,6127,3619,5372,2000,585,3435,364,4671,801,6095,5364,4972,4337,3743,7007,3371,6359,1884,4197,6931,6274,6715,5079,3278,5018,3997,2249,2121,3946,3508,3144,3066,4583,7082,2358,0,794,4376,6282,3178,4222,114,4930,1375,514,3420,447,5783,1099,4263,2702,1990,5201,5824,3841,4230,3855,2145,7101,1438,7062,5117,6169,3959,1190,4594,2481,4341,3464,2479,3306,2305,3035,1770,3977,4236,454,5270,562,4647,3535,679,3754,262,6665,5605,345,4456,4607,5650,4413,5933,1178,6160,6769,2617,5490,4351,4804,329,4981,3673,4005,4661,7119,6372,4265
6180,1800,1958,86,3103,815,6230,5375,5298,2816,3295,5870,4320,5231,1720,2536,1052,6887,4898,2084,3752,1220,1995,2737,6576,6313,9,766,4722,4878,488,5582,4186,539,1772,1590,1493,5476,6633,2791,5840,4834,1345,3789,1007,1148,5243,1923,794,0,2772,5473,4224,6250,4732,3859,826,1613,1543,4640,5866,1366,6422,6543,347,4400,105,5277,5294,7111,6261,2591,3811,1965,3998,123,222,3250,4238,4672,6581,2713,2315,2187,2910,1258,2182,5284,580,699,3481,1338,3578,689,5175,2056,1918,529,1466,492,3128,657,5578,2285,972,5819,6936,3968,6560,1004,6284,2557,616,1820,6838,938,7126,948,6136,1960
5439,6287,3397,7044,4717,4292,1597,4445,6929,3382,6618,2620,4215,780,6712,2134,5366,6575,1527,4318,4268,3265,2370,291,2332,4474,3512,4377,7066,3864,1950,4504,3407,5449,991,6298,6002,3325,1871,3161,3204,462,6506,1264,871,6035,5746,6189,4376,2772,0,2768,6701,6367,5922,2785,6349,1262,6048,1138,545,4815,1729,1301,3839,1598,5159,5807,203,5236,6328,2394,575,4308,3428,3679,1949,3575,854,710,5313,5462,1476,374,4997,3745,743,4206,3169,6811,6229,3845,838,1992,4712,5836,6597,3154,2284,5312,2504,1528,6081,1469,962,6945,1821,956,6062,1565,658,1137,7028,3735,2080,859,3301,2866,1767,5299
6744,2616,5397,482,498,5166,5832,161,4914,6183,130,2412,3879,5072,3246,1534,5752,6881,3432,2368,7075,3322,5692,1935,2945,1904,3433,860,108,192,1121,6754,2129,411,7106,2979,6807,4577,2461,4688,1677,3641,4875,4492,68,3749,1882,4430,6282,5473,2768,0,5839,5252,6930,5546,5350,413,1593,1857,4003,2597,664,2907,2589,5138,5130,5628,4178,6762,4939,1107,6135,5324,6976,600,4937,7030,1676,1195,7122,4758,1738,5596,4317,6681,1038,2775,3918,5019,7045,6980,2130,1796,3451,3258,1180,6176,6238,2322,1633,2995,1313,6351,1504,6064,2638,5437,3184,2694,3844,3253,3412,4669,6607,1626,5032,1672,4974,5846
3923,182,6758,618,6068,2505,1492,5554,7041,2584,5526,1271,7103,4421,4508,6694,3883,3730,4603,147,6808,3519,2867,1866,5028,3274,5145,5648,1799,4072,4886,3955,459,5479,3267,3461,5935,188,336,427,6606,865,3218,4460,2344,4637,767,3292,3178,4224,6701,5839,0,2016,4486,1531,2149,6538,1522,3769,2711,3402,6331,6954,1694,4117,6851,3120,3233,5423,2405,3614,4729,6094,879,4483,1317,6593,4006,5010,3030,1736,3729,3110,3430,4606,3174,669,2877,4500,1862,4876,5708,2326,3676,363,5801,528,5345,1723,1645,2017,3013,5851,6049,7085,1665,4958,2915,1084,4311,822,4002,1305,5384,6370,1797,2241,1513,1078
5786,5926,3504,6455,6823,460,6258,3705,3965,4502,4850,2059,452,1187,1088,339,5990,143,6552,4677,2923,1460,4141,3720,4537,5784,4253,2208,6279,3897,6410,4539,5134,1578,6501,1146,1423,2089,1835,1812,1347,304,5709,6629,157,1173,4658,3480,4222,6250,6367,5252,2016,0,4835,1457,2363,4093,6456,4184,2708,1927,1787,5440,37,3213,6784,4227,5876,6587,5025,1898,5214,330,3611,3603,3675,3488,588,225,142,1699,6405,1363,4582,3753,4404,7118,2082,390,3554,4723,778,2874,2902,6490,2624,1245,624,5315,1356,5295,5172,3808,5258,7134,6388,1687,6269,5898,6103,3795,6588,6745,2692,5249,5253,4078,1910,6786
6450,5412,5588,2415,5949,5200,1028,4297,3582,3685,2964,7017,4451,4080,6742,589,6670,3502,351,3352,551,3393,2542,4573,947,1727,5943,3223,3195,6265,3723,5483,4195,976,1603,3179,5301,5970,5930,1914,64,1247,5627,6475,1278,5488,2769,6805,114,4732,5922,6930,4486,4835,0,6905,2324,6425,6873,5444,2814,5516,3173,4568,2018,4149,1055,1308,4739,5961,1572,4891,4061,3928,2997,6642,3469,1880,1249,5044,4132,4293,1270,1909,4159,2331,3330,6835,404,832,6003,357,1415,2928,4369,2418,1814,6726,5833,5889,6436,2430,3610,1108,3653,1502,5362,1982,5144,2222,1831,359,5095,3794,6878,6194,5099,5481,2690,841
6855,5914,5396,6061,4854,560,5795,5009,1941,7121,167,2074,2891,6674,6303,376,708,2586,464,5085,5785,524,6390,742,6801,6521,1172,3952,467,4645,3999,7095,4226,299,4231,6717,6186,6923,1140,5829,2075,4008,5580,6057,4920,5482,4498,1003,4930,3859,2785,5546,1531,1457,6905,0,5432,4438,6020,7102,3559,2984,2668,6554,4826,5764,4049,1639,1292,3625,2912,3296,4338,12,5209,4988,4326,4449,4615,3760,4890,228,3825,319,3351,3835,1974,88,6635,6234,5118,1559,6836,3198,1244,6316,22,3112,6414,4114,6360,5266,3262,3852,2397,1079,2098,691,1629,2559,3657,6747,4267,5725,2083,354,3767,2861,2093,3478
6341,5426,3884,5460,3452,6988,623,4122,4947,6861,3904,5000,5334,3649,2148,2724,343,1647,362,5242,4944,2750,6908,5475,2424,4375,3247,5075,3553,144,4232,3708,3408,6530,1396,3569,1813,5203,554,958,5393,1183,3986,2438,3524,5781,2798,4447,1375,826,6349,5350,2149,2363,2324,5432,0,5689,582,3315,714,3514,27,1010,3990,3001,6149,5993,4125,6330,3350,151,1255,3358,1216,4753,1059,695,2613,5413,5770,389,5688,3920,2780,36,334,535,260,825,5703,4782,2484,3058,4546,2410,3443,6395,3779,5348,5327,1970,6067,4356,629,4771,3590,4825,3378,2818,2781,1560,2650,4851,1643,136,1272,4741,4443,4623
1780,4917,3359,6437,2609,4161,5706,682,1156,6690,5818,2146,1361,5221,4636,4756,7070,5120,1944,5715,1577,6983,2287,5429,1721,3155,5865,2035,4428,6647,2189,2934,2546,5632,5984,3482,5893,6616,6290,1412,4432,915,2847,1421,5919,6894,4274,4968,514,1613,1262,413,6538,4093,6425,4438,5689,0,5430,4523,1134,6444,2992,659,1640,6272,1574,5757,1024,765,4066,365,2470,723,1365,1716,5498,1692,6950,1506,5711,6247,6225,4234,2023,1978,2011,7071,3970,3824,2026,6489,433,1062,2251,7002,3297,5127,211,620,1749,2172,1679,5613,1132,5381,811,4557,1595,2886,6315,2110,3353,4694,3947,3065,2947,421,2569,5143
5847,372,2606,6325,1373,5008,6714,6532,258,2388,2554,2013,1304,5730,6585,3631,6724,198,5976,6927,5254,2124,6770,5132,6074,1484,4283,6526,5289,1604,5316,6710,1133,2610,6917,4560,677,6394,1229,2043,5559,379,1861,4101,6241,2357,3208,4423,3420,1543,6048,1593,1522,6456,6873,6020,582,5430,0,1307,4527,2878,6884,2239,3484,5261,3088,315,3846,5235,6096,941,2466,2669,6381,2508,2421,1357,2754,1673,3826,3693,5464,5024,3193,13,1116,4943,2008,2230,3126,60,3354,1081,1306,295,6893,5782,3004,6685,5026,2191,190,6026,6011,2948,3906,4655,1251,6113,3531,4156,5189,1752,1218,5897,2109,428,4147,755
3659,2991,3549,4977,3288,7097,2371,2272,635,869,6624,6761,3396,3264,6013,2135,3648,1905,5585,2723,1847,5666,6569,1171,6492,4754,6034,802,4119,6753,1434,4367,1929,970,4100,6099,4923,3140,4251,5091,312,5716,6452,2605,388,6854,547,10,447,4640,1138,1857,3769,4184,5444,7102,3315,4523,1307,0,4929,6986,4979,443,4538,3809,1351,645,96,6126,6999,1371,6488,1109,1462,3313,2459,5126,1943,5963,2749,7,7139,3574,1318,4250,4716,758,4464,1163,1622,2600,5219,4667,4490,3960,2921,565,6292,680,313,391,4800,6664,176,1548,6244,3807,719,4690,3221,5553,2228,3576,2802,74,5505,7051,6337,2213
3698,398,4838,6215,3915,4721,5886,593,6688,3894,6916,6087,2051,5003,685,6773,1509,2184,6416,1985,6826,1315,6199,6478,2523,5704,4463,1204,256,4041,2819,895,6814,4676,4461,2041,293,6009,6312,1240,6023,4372,499,3225,789,3391,113,672,5783,5866,545,4003,2711,2708,2814,3559,714,1134,4527,4929,0,2560,3214,3914,4262,3427,6598,4821,6800,7010,1803,3206,7092,6608,2719,2281,3048,2904,1217,5071,3067,6283,420,416,6458,5216,4431,184,5661,1988,7016,4649,352,5164,6105,6030,6439,4389,3093,2361,6200,1925,3281,6904,5101,6706,5994,1086,625,4242,2157,2829,19,2028,5255,4865,3672,872,4045,1641
3462,4580,1936,604,1113,7078,6860,1655,2800,6692,4664,4325,3687,4571,2060,2063,274,2105,294,2463,6047,909,6539,2656,3012,5662,7043,1885,3071,5006,2983,5598,606,1496,1265,4144,3793,4643,7109,4094,3057,6968,7013,1417,4951,5939,5302,2756,1099,1366,4815,2597,3402,1927,5516,2984,3514,6444,2878,6986,2560,0,3327,5739,1031,3485,3499,4675,1856,2531,1733,2435,5063,3987,3792,4772,3606,2064,4476,4218,5122,1808,867,4300,818,1431,5211,220,3450,406,4015,1881,5944,5941,2552,1326,2642,4075,2890,6350,2762,1310,5510,610,5519,111,7014,2745,4107,2512,3896,1546,6765,2140,1526,957,4290,842,1339,1420
4220,919,2977,2476,6657,2920,637,5086,370,6385,2731,5548,2535,6417,2631,2627,3298,124,2926,6210,6833,1611,2919,2786,4056,484,3630,4639,5353,150,1260,1642,5223,1144,4799,6259,6749,5141,831,4558,4586,3099,5817,1908,5532,4768,2583,2950,4263,6422,1729,664,6331,1787,3173,2668,27,2992,6884,4979,3214,3327,0,6190,6791,3686,1876,2104,4692,2588,950,4364,323,3321,5533,6703,4927,2744,6268,6971,1991,1198,7112,6667,4748,212,6898,720,1018,6537,7022,2943,4650,2516,2801,2240,5581,3005,255,3733,1654,56,4806,2024,7032,5762,6691,7125,3300,4620,4497,2732,5419,3573,6553,1875,6400,6562,1553,6527
6352,6989,4013,1608,5531,904,2177,4973,1390,853,1056,1474,6426,5220,744,4882,7024,598,6415,5776,2380,4352,5285,6925,178,2030,3029,5306,1126,2722,1789,4335,202,3459,6776,5183,4401,7136,2982,6663,1648,179,2604,281,4214,5029,7011,4644,2702,6543,1301,2907,6954,5440,4568,6554,1010,659,2239,443,3914,5739,6190,0,806,1451,6503,1064,1555,6993,43,4266,6409,6446,5282,3429,877,4810,6591,1843,862,134,6090,4026,3085,3922,2138,5259,1269,3972,5401,5493,1254,1625,759,6273,5027,5173,3334,4036,654,6321,4522,1907,24,4562,2044,1241,4634,4848,422,5766,4155,2962,1066,4030,5070,4935,621,5048
5453,6467,1894,3927,126,2494,4680,4313,1931,487,2260,1997,6447,4665,240,1838,5667,4020,1424,4598,4610,2086,2590,1324,584,661,6342,3954,2237,7063,110,6151,3678,3706,1854,6519,5904,3002,1708,5458,3865,4883,5093,5909,3280,127,3410,4985,1990,347,3839,2589,1694,37,2018,4826,3990,1640,3484,4538,4262,1031,6791,806,0,2687,148,3102,5226,3285,6378,2999,6790,2427,5871,2433,187,2342,3138,6975,5759,1705,1630,5890,2061,827,1817,2788,937,6820,1097,5592,3445,2283,236,2629,1962,4832,6471,4158,5601,5767,1151,2777,7114,453,4950,3681,3276,3950,4816,6091,1868,6178,4934,3457,5124,5568,158,3392
1953,6427,5379,6306,1261,6498,5659,2644,1753,6434,2387,4420,85,3095,563,7003,5743,4762,7023,2807,5789,4089,1294,5365,3470,4033,410,1131,2509,3755,6082,4408,727,1436,434,2231,1724,5680,3401,6756,3969,3801,314,6783,3973,4553,3521,7088,5201,4400,1598,5138,4117,3213,4149,5764,3001,6272,5261,3809,3427,3485,3686,1451,2687,0,1369,1768,6958,173,2127,3518,3634,5675,1763,6571,4179,2882,4068,2432,5343,2913,6709,5787,2872,2789,6865,500,1129,6696,483,1581,6577,986,5057,4079,3996,655,5959,2053,4575,3014,1872,942,101,59,5110,543,3919,5227,5234,5658,409,1234,3768,6059,3068,4316,5403,2684
636,526,3212,990,665,1893,2296,4706,6992,2366,6764,824,4733,3363,3237,7083,5567,1701,1418,2491,5155,2648,146,6256,1637,4587,3932,6239,1775,2212,4209,1961,6846,2846,2682,4465,2810,955,921,3234,403,6326,1592,1921,5305,2486,6716,2911,5824,105,5159,5130,6851,6784,1055,4049,6149,1574,3088,1351,6598,3499,1876,6503,148,1369,0,552,3907,311,817,257,1983,1911,282,3282,7131,6172,1747,5078,3670,4857,1591,5558,4442,1276,1827,5991,3654,4150,4767,5527,2073,4090,4904,6128,1334,1511,2888,847,2830,1535,1602,1897,6871,2338,6044,2839,4060,2805,4011,768,4444,4555,153,769,4744,3016,1901,4550
4076,2154,1201,7081,3197,4668,2049,6311,6771,472,3585,1125,5540,1473,4070,2040,5102,189,2078,6741,5905,4561,5005,6384,6364,1615,2497,6889,4611,3307,4358,1030,6243,4154,1006,2792,7073,5431,3119,4189,1498,6987,1696,6542,1228,1450,6615,1206,3841,5277,5807,5628,3120,4227,1308,1639,5993,5757,315,645,4821,4675,2104,1064,3102,1768,552,0,2047,3983,6612,92,5109,7001,5020,5565,3210,1200,6076,531,384,4314,830,3284,6834,2299,774,3217,3045,6236,6403,4612,2576,5342,5882,2429,1877,1000,2720,6704,4515,2462,3870,964,2214,4396,1766,5885,335,1157,1486,1650,1878,946,4552,3667,2778,6625,5322,6357
6675,1816,3294,4513,3438,5004,4024,2602,3683,2771,6470,1408,6429,1221,1376,3170,2545,5687,6497,1039,6634,6746,3059,3645,1636,6419,6824,4086,3373,6684,5240,5386,6680,4713,1354,5738,3342,1499,4448,1122,1005,1291,4931,3413,5097,473,4099,4780,4230,5294,203,4178,3233,5876,4739,1292,4125,1024,3846,96,6800,1856,4692,1555,5226,6958,3907,2047,0,5742,5059,3817,2304,6153,781,5002,2266,1268,3871,541,1718,1678,4324,1649,1579,6880,2618,2156,2990,6163,1759,2390,3623,1257,3757,4751,2580,3993,4818,5741,1849,752,1046,6549,6463,652,1490,3329,3049,4916,7089,3185,3447,1750,5111,4642,2211,3626,6964,1336
