0,917,2354,1303,3359,788,1621,2881,64,2122,1099,3180,218,1792,169,607,2020,3711,3692,1464,3056,3117,902,1291,2503,3654,1214,1568,2732,762,3460,2652,302,1235,926,3233,491,2850,1089,2469,3020,72,1369,2805,3040,3482,2576,3009,966,891,3623,3802,950,1519,2514,2062,3137,1641,1585,368,3744,462,3377,220,3414,1048,3316,2981,835,3679,178,307,688,923,2836,3154,933,1507,1008,1958,30,1334,2951,1266,2703,3270,2412,271
917,0,3350,2465,1747,1560,442,813,3721,2846,900,2097,2408,2895,2554,3505,2455,1954,2204,760,613,1020,3091,1504,1229,1406,1268,191,1916,3343,844,3722,1485,2491,1991,3415,3419,2007,419,1979,3212,954,576,721,2241,1285,1041,2382,1361,356,3459,3800,1402,2404,642,2434,3461,1788,511,1183,3704,1339,3223,1222,573,1010,1536,479,2689,3430,3649,247,1657,2190,1468,851,397,3656,3751,594,725,2044,2251,2214,2731,2795,757,2195
2354,3350,0,1279,2224,796,1997,3196,2477,1591,1776,1198,692,1000,76,3709,1066,3061,3068,1479,1907,2656,1562,1821,2209,3792,3033,2953,81,3029,1003,1283,2453,1847,1051,774,1139,3145,2246,1772,1806,2843,2339,1372,2784,1325,423,3768,1114,2191,1415,3753,332,2315,416,3577,1121,170,3072,1687,3591,1822,206,1012,3166,603,1335,1753,1590,2534,3146,3004,3524,3790,2287,1861,572,705,3612,2487,3170,701,1947,3786,2481,1595,872,1192
1303,2465,1279,0,3798,3158,3389,1759,2089,2736,1462,780,156,338,1805,1486,1957,401,3241,1269,1328,60,617,1298,2978,291,1758,3094,1630,1446,2005,2681,2933,2303,1495,2902,938,1113,3187,3477,536,486,3657,770,1515,2938,3355,237,1937,3156,2331,2516,3783,2885,2284,2563,3766,764,2398,3363,2367,2960,3712,2536,600,3754,1564,1852,3304,2439,1414,3089,3621,180,2393,3347,802,3635,2743,1032,3476,669,2421,115,2688,2135,1262,1068
3359,1747,2224,3798,0,2099,1471,554,407,1346,2055,2341,581,3318,951,3614,2756,461,3178,3639,82,1454,2071,3228,3573,323,1725,1194,2143,3160,61,3103,146,210,970,334,3767,580,3189,3032,2370,3251,2,3814,1463,3043,278,3234,2235,3431,3544,3706,3784,848,333,553,186,1659,1403,1364,2000,3031,1148,544,3074,408,248,2828,3464,1881,783,2574,1767,1518,1910,1438,724,3602,1466,874,973,3507,2167,1392,1690,748,958,1900
788,1560,796,3158,2099,0,2056,7,727,3299,2565,2711,3142,645,201,1434,2749,404,3398,735,2225,1579,2234,3383,924,778,2706,2082,1085,1227,3148,1939,700,1723,675,932,1862,1287,1311,424,2034,2215,3576,372,2112,42,3645,708,145,2142,1580,990,190,3236,2983,1407,3306,2985,1061,1826,1453,1749,1612,734,2282,3796,2758,3110,634,2579,786,3382,2338,1672,1743,484,3539,639,994,638,345,822,3331,357,2901,2407,736,88
1621,442,1997,3389,1471,2056,0,3587,1909,3509,2119,2495,1596,460,2974,3345,2582,417,1608,2462,1447,2480,1224,3540,3235,281,279,3360,3441,881,2592,2171,3059,2750,3658,2149,807,1388,2392,80,1500,1456,1360,3469,3511,3307,1445,3344,209,3560,2080,616,3035,342,3535,2499,2074,116,3371,2175,2103,2935,3643,1013,3409,502,1529,809,2489,977,3756,1241,2802,2873,1790,1380,1745,402,1077,549,3240,2848,1239,2360,3288,2400,2019,3326
2881,813,3196,1759,554,7,3587,0,750,819,2186,1535,3182,1063,3487,2350,3086,296,3490,2174,3606,1748,127,3317,1057,101,1101,1662,3060,838,3675,2075,1521,2733,1288,2601,1007,2189,441,1544,1849,1052,1523,571,340,1386,3483,3100,1697,3521,2265,2471,2111,2106,1873,3570,33,3646,2939,2288,1998,689,2162,1615,651,3770,575,1413,2047,3308,3311,741,2270,731,497,1084,972,2183,311,1110,2719,3097,3003,110,3008,1756,3579,2201
64,3721,2477,2089,407,727,1909,750,0,1056,3698,2740,927,2485,3434,627,1338,3733,1871,1798,1130,1509,1385,198,2001,623,444,1270,640,3177,975,895,143,948,2586,509,353,910,65,26,1815,67,2507,3638,188,1872,2502,1860,1082,759,1795,3305,1786,1478,3081,1722,52,3286,504,3262,779,703,1225,761,1037,2627,3596,713,3803,3582,2669,3211,3121,2613,3593,3700,719,3362,3450,3463,2118,1271,3057,2314,3453,2575,525,3729
2122,2846,1591,2736,1346,3299,3509,819,1056,0,2249,3572,1817,3426,2607,3575,2322,359,3193,523,1567,1042,1887,3636,3250,124,3758,411,1482,3394,1520,2474,1488,1964,2642,3210,604,2788,121,2648,1858,3581,1578,3794,3543,3538,3533,1174,1966,312,2702,3466,1359,3609,87,1011,2102,513,500,3769,1168,2566,2868,3757,193,463,834,2043,2883,864,2766,2353,163,1025,2388,3314,2947,2376,1477,3498,1614,2185,2406,1640,1302,3265,3693,1599
1099,900,1776,1462,2055,2565,2119,2186,3698,2249,0,3021,3015,3190,1265,176,1343,1911,3197,195,472,2745,140,434,2072,1069,3622,2647,1893,1834,3373,1831,3093,56,2087,2318,3427,3471,2378,781,488,2925,3827,646,3016,1844,280,3186,2116,898,777,184,34,987,1565,2789,2306,1216,1698,25,2203,2948,3083,3112,314,3452,2679,2179,2662,2635,2597,1769,2963,370,1510,1337,677,2664,3368,449,2402,2698,1789,3620,130,755,2413,3481
3180,2097,1198,780,2341,2711,2495,1535,2740,3572,3021,0,1320,138,3613,1914,2854,2943,383,1319,120,2884,2910,1528,410,179,3335,431,3682,3559,1920,3447,1284,742,1785,1622,2476,3661,2317,3523,2704,3395,2457,2834,1275,2658,2990,1963,1770,3815,1665,4,3126,1845,3749,2653,1223,1989,3052,3199,2556,2205,2946,3787,1780,1001,366,1635,1576,1710,2691,1995,1573,3589,1208,1843,939,578,3730,3562,3393,2665,2364,254,569,181,2630,391
218,2408,692,156,581,3142,1596,3182,927,1817,3015,1320,0,2969,2675,117,1281,798,352,2371,2498,2316,1574,1913,801,2114,3530,2130,455,1686,3221,243,2493,2136,1021,2377,3662,715,1643,2525,1309,3522,618,1651,250,1765,2445,3655,1704,3387,3440,2876,1079,187,478,3743,3049,3130,2028,3684,686,2583,745,1072,2108,3054,316,349,3727,2380,1975,1078,1551,3070,1144,1257,1203,3407,2359,3410,1496,85,3777,3275,3082,49,1718,842
1792,2895,1000,338,3318,645,460,1063,2485,3426,3190,138,2969,0,1396,1344,3738,3542,1155,930,706,1499,3341,2073,3467,1965,2157,3458,339,2144,3488,3691,3478,3390,2486,1398,2927,412,2782,1660,1726,2847,3217,269,528,251,2411,729,141,1848,3528,840,123,147,1832,643,619,2845,2997,239,3256,3438,850,1038,1039,506,2928,2199,3378,1946,1492,596,2304,1740,3208,662,1837,165,3139,3782,1620,3400,1664,3261,823,1699,2862,566
169,2554,76,1805,951,201,2974,3487,3434,2607,1265,3613,2675,1396,0,1797,2212,3215,3763,2259,3432,2030,3546,2715,86,1744,258,2634,738,2995,1924,2853,2624,545,1609,2292,3597,2571,503,3272,608,1897,2820,3446,3547,44,1181,287,208,2770,1073,2472,47,1890,2959,709,3143,631,212,2878,1813,3397,2718,3292,507,2426,2590,394,2975,2604,2871,2323,337,1475,3000,2621,16,632,2061,3281,2403,3716,2208,1091,305,3185,871,142
607,3505,3709,1486,3614,1434,3345,2350,627,3575,176,1914,117,1344,1797,0,2696,3699,2299,221,473,1348,1076,2228,405,2418,450,1122,1017,446,1249,3776,3123,2363,1856,1410,3325,3719,3526,3238,2666,2024,3608,2438,3295,2996,730,2768,1043,1382,2263,1874,3348,3741,863,3726,2620,1996,2606,8,751,1734,749,2900,3710,2735,485,3375,814,1696,2054,1158,3486,1152,1205,3696,1742,1959,678,2482,680,335,74,2979,1427,2937,1120,2692
2020,2455,1066,1957,2756,2749,2582,3086,1338,2322,1343,2854,1281,3738,2212,2696,0,389,232,392,3605,3503,1787,1905,2785,595,773,1715,1926,1807,386,2333,3669,3129,3627,3062,2396,3828,1870,999,259,2508,3237,1259,2568,2999,2375,172,2280,1619,887,3456,3226,1517,1254,1310,236,1800,789,1207,2128,1675,480,1543,2580,196,2401,2283,2531,2657,1912,3537,2759,1362,3759,1808,1898,996,1440,1425,1976,346,1026,2146,5,1457,1757,3442
3711,1954,3061,401,461,404,417,296,3733,359,1911,2943,798,3542,3215,3699,389,0,963,655,20,1128,3451,1304,3778,940,870,3625,457,1313,262,968,2968,1918,1185,2791,3531,1755,1968,2772,3284,1768,590,2926,1109,3564,1186,3092,3449,3725,2793,469,1489,2419,570,137,1199,2011,3631,3723,2177,1240,2511,1778,753,674,2463,429,152,2552,1525,9,2519,1147,1761,1145,1384,3289,3242,800,2633,787,1598,3406,2973,3689,3586,837
3692,2204,3068,3241,3178,3398,1608,3490,1871,3193,3197,383,352,1155,3763,2299,232,963,0,1247,1936,166,309,3176,2347,1296,1204,1423,1984,396,400,2761,2229,1829,612,2609,520,125,2921,2308,1400,644,2916,1422,1231,343,1766,2252,2694,1074,3475,2824,265,2612,2787,325,1658,1527,2313,878,1086,3736,2864,1773,1624,2546,1868,1116,393,3510,2797,867,1210,1409,2742,1625,2860,2139,3402,1293,2721,3812,3105,3411,2432,2865,3259,2520
1464,760,1479,1269,3639,735,2462,2174,1798,523,195,1319,2371,930,2259,221,392,655,1247,0,2107,2164,3329,3179,3384,2967,1863,790,2039,2812,988,161,3337,2950,3665,2513,1952,274,696,831,270,119,1652,561,2588,3797,418,3809,2747,266,858,3518,466,1889,1830,17,2374,974,3443,231,2281,3213,3209,2275,792,2192,75,1586,2158,1650,2258,2129,1002,1719,241,3243,794,825,922,2543,653,1040,3136,2110,791,2596,1169,1945
3056,613,1907,1328,82,2225,1447,3606,1130,1567,472,120,2498,706,3432,473,3605,20,1936,2107,0,214,1969,3421,157,474,2616,894,1801,2029,3151,843,597,3069,1228,297,126,1189,59,849,1986,664,2196,885,1331,2697,1613,1885,2470,797,1161,1552,2830,1506,1439,1654,1513,2632,3013,1572,2509,2124,1892,2829,3055,888,2542,1938,204,453,876,1990,1246,2200,614,648,2475,2173,2924,253,2818,1929,2422,1593,3545,1700,776,2547
3117,1020,2656,60,1454,1579,2480,1748,1509,1042,2745,2884,2316,1499,2030,1348,3503,1128,166,2164,214,0,3436,2714,1045,456,515,3080,2017,1102,398,211,3192,1494,1273,1233,659,310,3552,1314,880,1553,1191,1276,1297,11,301,1092,816,2803,2045,1024,3629,1433,2537,665,496,282,591,380,1112,2450,805,1426,2176,2059,2774,2796,3433,1584,3260,3472,3125,1327,3037,3551,275,452,90,542,1071,1558,2918,451,3200,2676,2133,2936
902,3091,1562,617,2071,2234,1224,127,1385,1887,140,2910,1574,3341,3546,1076,1787,3451,309,3329,1969,3436,0,1176,3708,2335,2184,1802,1760,2117,1431,1684,158,1132,3152,1703,2550,1820,2109,657,3006,322,2841,2131,1117,1368,993,1442,3804,1752,1459,2064,833,2305,3023,896,432,2440,3618,3550,2524,79,3553,676,2755,3111,2775,679,223,672,2441,1981,2760,856,602,531,567,2838,1627,2425,3323,654,3734,3001,601,1107,1354,947
1291,1504,1821,1298,3228,3383,3540,3317,198,3636,434,1528,1913,2073,2715,2228,1905,1304,3176,3179,3421,2714,1176,0,1197,946,2816,1530,2670,467,2643,3598,3063,3379,1901,3268,913,699,3244,18,1416,2730,3090,2410,605,2063,2294,2754,1955,3051,535,2098,3133,1616,3007,1465,2518,92,3205,1261,350,2361,3633,1050,3659,3565,3346,3303,1336,2301,2567,1166,1972,1217,2922,2254,1437,348,1617,1022,1569,3479,2300,1855,39,3793,421,1209
2503,1229,2209,2978,3573,924,3235,1057,2001,3250,2072,410,801,3467,86,405,2785,3778,2347,3384,157,1045,3708,1197,0,2049,2104,77,1389,2291,3801,2931,2683,3366,3019,732,589,1146,2325,3301,1290,3519,2857,2942,3114,636,162,48,3195,1717,660,2430,2230,1376,1138,2739,2952,1087,2068,1149,2994,2091,3313,1127,1195,1115,1628,1393,2165,1511,1943,2557,989,2687,2814,1219,2015,264,3555,1563,464,3685,3702,2240,2220,1823,3319,2667
3654,1406,3792,291,323,778,281,101,623,124,1069,179,2114,1965,1744,2418,595,940,1296,2967,474,456,2335,946,2049,0,3358,606,2433,2242,2022,13,3392,1031,3046,2494,2397,2867,1942,574,2762,2655,3219,775,2654,3500,2237,2893,285,1332,3520,2140,3404,599,1730,428,2101,3168,2914,3172,2707,2906,1034,2372,102,1961,2115,3694,1646,625,1159,3024,387,2712,1554,916,1015,3648,1716,70,541,2600,635,1213,2716,866,2431,959
1214,1268,3033,1758,1725,2706,279,1101,444,3758,3622,3335,3530,2157,258,450,773,870,1204,1863,2616,515,2184,2816,2104,3358,0,691,1663,2036,620,413,610,1263,1035,468,3165,3462,2894,1816,2095,767,3380,317,1178,14,27,771,2023,1721,2837,3485,1341,113,1180,1274,3435,2077,1143,3489,2645,982,1809,1713,2650,3532,624,1323,1877,2348,2920,1919,1236,2021,2776,2309,2528,3064,84,1571,3822,893,3683,1679,2819,547,1884,2085
1568,191,2953,3094,1194,2082,3360,1662,1270,411,2647,431,2130,3458,2634,1122,1715,3625,1423,790,894,3080,1802,1530,77,606,691,0,252,1226,437,3583,3230,2170,667,495,1123,2013,2886,2798,2151,2081,1163,2668,1894,550,519,2844,3201,812,381,2504,1175,2660,2872,3267,3617,313,716,943,2501,2302,1610,2248,723,1796,1878,1075,3353,131,2127,1600,1421,3229,836,2268,3118,522,1875,2168,3773,3173,3290,306,1674,1676,2368,1111
2732,1916,81,1630,2143,1085,3441,3060,640,1482,1893,3682,455,339,738,1017,1926,457,1984,2039,1801,2017,1760,2670,1389,2433,1663,252,0,2262,2992,3611,2048,1880,1902,2311,111,3287,1903,2890,51,2522,94,889,532,2464,197,331,2682,2277,1883,1405,2442,2336,1058,300,36,3274,1373,1559,557,103,373,516,3119,1741,3181,1824,2899,3664,2343,2821,2178,1108,2855,2500,3252,2897,1435,73,3264,647,1648,965,2717,28,1201,2572
762,3343,3029,1446,3160,1227,881,838,3177,3394,1834,3559,1686,2144,2995,446,1807,1313,396,2812,2029,1102,2117,467,2291,2242,2036,1226,2262,0,1441,2891,3122,3339,3140,3536,1316,555,2521,2827,2210,3065,1522,2548,1014,684,3499,414,3022,2700,609,3610,559,2352,2856,1948,766,257,2874,3048,329,3330,3291,2120,2319,969,1044,493,3676,1301,155,174,3321,219,1869,2726,1992,3695,3578,1055,273,1345,2337,2587,1047,808,1736,91
3460,844,1003,2005,61,3148,2592,3675,975,1520,3373,1920,3221,3488,1924,1249,386,262,400,988,3151,398,1431,2643,3801,2022,620,437,2992,1441,0,853,256,1846,2031,2944,1695,2561,3175,2239,2231,1503,1711,3320,1581,3128,518,489,1018,2723,205,1582,354,2538,1670,2298,1589,1853,2794,415,1737,395,1930,2523,2949,3298,1682,772,1983,1750,1764,2488,3115,1777,2728,1448,2386,1237,918,1096,10,1605,737,3748,3396,1401,1452,1480
2652,3722,1283,2681,3103,1939,2171,2075,895,2474,1831,3447,243,3691,2853,3776,2333,968,2761,161,843,211,1684,3598,2931,13,413,3583,3611,2891,853,0,2734,1347,3795,2132,1542,54,697,2751,3248,1685,717,360,3811,928,3492,3342,2058,1645,367,99,3603,1841,911,718,2786,883,3799,267,1501,1451,1804,1917,2993,1775,3688,2584,2603,2197,1218,3191,1157,784,3805,3567,3269,3334,1142,2984,960,1728,1383,3529,1487,1502,3376,3420
302,1485,2453,2933,146,700,3059,1521,143,1488,3093,1284,2493,3478,2624,3123,3669,2968,2229,3337,597,3192,158,3063,2683,3392,610,3230,2048,3122,256,2734,0,3075,2069,1922,477,3293,1692,2060,586,1417,2429,3162,726,1253,3276,43,3637,758,839,915,782,1232,3820,3785,1103,1927,2982,3495,1739,112,1811,167,2070,66,2686,2598,272,1980,1999,1825,1656,194,1667,3263,1720,3720,656,882,2722,3171,1583,3422,3405,3703,901,1732
1235,2491,1847,2303,210,1723,2750,2733,948,1964,56,742,2136,3390,545,2363,3129,1918,1829,2950,3069,1494,1132,3379,3366,1031,1263,2170,1880,3339,1846,1347,3075,0,3775,2169,3027,2014,1124,2152,3364,3740,2757,199,1644,2414,2279,3356,2384,3641,1925,1150,1714,189,2079,1886,3781,2699,2773,1461,1397,377,1601,2961,3147,2955,244,1631,2832,1882,3403,144,1134,1602,534,1835,1136,494,1097,1470,379,327,3439,371,3677,2753,2423,903
926,1991,1051,1495,970,675,3658,1288,2586,2642,2087,1785,1021,2486,1609,1856,3627,1185,612,3665,1228,1273,3152,1901,3019,3046,1035,667,1902,3140,2031,3795,2069,3775,0,2002,1349,2052,682,1137,670,1053,694,2416,3527,810,1329,846,2671,1399,222,2778,2976,336,1836,2312,3078,2420,1978,2148,341,3302,122,1272,3149,577,151,1888,3039,2274,1449,3399,2741,526,2084,747,97,681,1754,2972,803,556,3227,3750,967,358,508,2605
3233,3415,774,2902,334,932,2149,2601,509,3210,2318,1622,2377,1398,2292,1410,3062,2791,2609,2513,297,1233,1703,3268,732,2494,468,495,2311,3536,2944,2132,1922,2169,2002,0,1324,2573,2815,1411,293,3788,3569,1,1915,1177,318,326,3473,2244,2799,3626,3328,744,1540,1649,3592,1561,1987,19,3258,3428,1430,32,1921,3491,985,1255,2181,884,992,3650,3246,1408,2549,3084,683,1623,2238,3817,3372,1633,490,1299,2661,1450,78,1950
491,3419,1139,938,3767,1862,807,1007,353,604,3427,2476,3662,2927,3597,3325,2396,3531,520,1952,126,659,2550,913,589,2397,3165,1123,111,1316,1695,1542,477,3027,1349,1324,0,1119,1404,1474,2595,3388,284,1171,62,521,1277,957,3099,1242,1367,3714,2626,897,2882,1828,292,2965,3425,2904,2154,2639,3161,53,1707,1982,995,3153,539,263,2310,3155,3690,1812,2161,2125,1016,1524,1653,986,2451,3742,1352,1220,3752,3607,2535,906
2850,2007,3145,1113,580,1287,1388,2189,910,2788,3471,3661,715,412,2571,3719,3828,1755,125,274,1189,310,1820,699,1146,2867,3462,2013,3287,555,2561,54,3293,2014,2052,2573,1119,0,3254,563,1395,3512,1105,2954,436,552,2066,160,2800,710,2964,2032,2678,1537,1906,2903,1019,2526,3454,2663,2324,2530,1588,3354,3701,1941,1243,2041,1967,983,3224,925,2564,3497,1566,2218,3819,2529,1129,1238,1526,3672,3424,2193,3474,1029,714,6
1089,419,2246,3187,3189,1311,2392,441,65,121,2378,2317,1643,2782,503,3526,1870,1968,2921,696,59,3552,2109,3244,2325,1942,2894,2886,1903,2521,3175,697,1692,1124,682,2815,1404,3254,0,1857,2779,298,203,1476,1541,46,3761,192,1784,295,2638,277,1810,1250,1774,1683,2544,2349,2266,2219,38,2641,3810,3025,1221,517,3494,529,3194,548,1472,3247,470,3747,2693,869,290,945,185,443,1419,1196,2817,2008,2695,177,2390,1212
2469,1979,1772,3477,3032,424,80,1544,26,2648,781,3523,2525,1660,3272,3238,999,2772,2308,831,849,1314,657,18,3301,574,1816,2798,2890,2827,2239,2751,2060,2152,1137,1411,1474,563,1857,0,2940,2138,276,3282,1135,2297,139,216,3365,15,955,2684,873,1390,1678,2046,1308,1932,2226,1634,498,2340,806,3517,330,1292,1838,1131,2444,1793,3417,1839,435,1493,546,1394,2506,242,1436,2619,2569,1988,3554,2958,3038,671,1322,847
3020,3212,1806,536,2370,2034,1500,1849,1815,1858,488,2704,1309,1726,608,2666,259,3284,1400,270,1986,880,3006,1416,1290,2762,2095,2151,51,2210,2231,3248,586,3364,670,293,2595,1395,2779,2940,0,1088,2243,1842,2987,2888,1200,921,2016,1252,2813,288,3294,815,445,3470,693,929,2908,93,1093,2659,2748,2956,2540,1691,3584,2065,2093,1971,2923,2253,1931,2182,207,361,3681,3468,2012,1375,1993,2672,1251,1933,2677,2369,998,1036
72,954,2843,486,3251,2215,1456,1052,67,3581,2925,3395,3522,2847,1897,2024,2508,1768,644,119,664,1553,322,2730,3519,2655,767,2081,2522,3065,1503,1685,1417,3740,1053,3788,3388,3512,298,2138,1088,0,378,2018,1009,315,673,3150,2879,3496,936,2608,1935,743,2458,2783,3808,2443,2640,2141,626,1956,1538,2724,1062,2460,728,1030,2866,3036,2792,1611,2356,399,2957,1286,1550,202,3807,2971,433,3106,2123,2617,1594,2889,2478,234
1369,576,2339,3657,2,3576,1360,1523,2507,1578,3827,2457,618,3217,2820,3608,3237,590,2916,1652,2196,1191,2841,3090,2857,3219,3380,1163,94,1522,1711,717,2429,2757,694,3569,284,1105,203,276,2243,378,0,952,2286,2381,2822,1694,2456,934,2725,1876,868,3333,2383,376,3715,2594,622,3104,2980,374,3188,2909,35,1428,1668,1481,344,2555,3066,3297,707,663,3042,1491,1330,1962,3120,2532,2589,261,3735,1187,565,1854,1782,1188
2805,721,1372,770,3814,372,3469,571,3638,3794,646,2834,1651,269,3446,2438,1259,2926,1422,561,885,1276,2131,2410,2942,775,317,2668,889,2548,3320,360,3162,199,2416,1,1171,2954,1476,3282,1842,2018,952,0,406,2344,3312,2851,615,3034,1516,45,2320,409,3340,2399,920,2202,1597,1049,3116,2078,1378,375,1125,1669,1458,821,2273,2255,763,2988,1307,2966,1592,2042,1350,3680,3141,224,3760,3571,2038,3762,1333,695,230,1779
3040,2241,2784,1515,1463,2112,3511,340,188,3543,3016,1275,250,528,3547,3295,2568,1109,1231,2588,1331,1297,1117,605,3114,2654,1178,1894,532,1014,1581,3811,726,1644,3527,1915,62,436,1541,1135,2987,1009,2286,406,0,991,3746,1153,2673,899,2917,1733,1851,246,1179,2515,1317,2365,2705,3280,2467,1533,1070,579,3506,1067,100,875,3218,3558,501,2777,2998,2842,2437,1629,3271,2150,1735,135,2839,1280,3764,2823,3444,3255,904,3663
3482,1285,1325,2938,3043,42,3307,1386,1872,3538,1844,2658,1765,251,44,2996,2999,3564,343,3797,2697,11,1368,2063,636,3500,14,550,2464,684,3128,928,1253,2414,810,1177,521,552,46,2297,2888,315,2381,2344,991,0,1702,173,2490,2646,1100,3789,2644,2194,1673,3508,3513,1727,3516,3018,3273,2919,3164,3615,1746,2479,1193,3568,2198,1278,514,3821,2261,260,3412,1357,1202,2801,2769,132,1098,3644,1724,2454,2510,820,2804,483
2576,1041,423,3355,278,3645,1445,3483,2502,3533,280,2990,2445,2411,1181,730,2375,1186,1766,418,1613,301,993,2294,162,2237,27,519,197,3499,518,3492,3276,2279,1329,318,1277,2066,3761,139,1200,673,2822,3312,3746,1702,0,1632,892,3134,817,303,912,1908,215,171,3651,2771,1575,1315,785,2483,2027,3724,50,134,1923,2050,2435,2373,1351,2227,1300,2216,3457,1827,1467,2121,1215,1731,2930,3780,3818,908,2385,687,1154,824
3009,2382,3768,237,3234,708,3344,3100,1860,1174,3186,1963,3655,729,287,2768,172,3092,2252,3809,1885,1092,1442,2754,48,2893,771,2844,331,414,489,3342,43,3356,846,326,957,160,192,216,921,3150,1694,2851,1153,173,1632,0,2849,458,587,1879,2147,2911,2330,3666,3232,593,363,2334,168,1604,68,2436,2285,3067,2295,1497,3413,2826,3310,2163,852,3594,1429,2379,3167,3124,2559,148,2035,2622,351,471,830,886,1321,2327
966,1361,1114,1937,2235,145,209,1697,1082,1966,2116,1770,1704,141,208,1043,2280,3449,2694,2747,2470,816,3804,1955,3195,285,2023,3201,2682,3022,1018,2058,3637,2384,2671,3473,3099,2800,1784,3365,2016,2879,2456,615,2673,2490,892,2849,0,3369,3216,1312,347,668,598,3107,1370,3206,2245,492,3249,841,2701,2332,3005,1899,2610,362,3352,286,981,2781,3791,1647,22,3667,2527,1294,499,1951,2137,37,3098,3231,3628,238,935,3102
891,356,2191,3156,3431,2142,3560,3521,759,312,898,3815,3387,1848,2770,1382,1619,3725,1074,266,797,2803,1752,3051,1717,1332,1721,812,2277,2700,2723,1645,758,3641,1399,2244,1242,710,295,15,1252,3496,934,3034,899,2646,3134,458,3369,0,482,1949,650,540,3,235,971,1081,756,629,1693,1033,1712,3670,2357,857,159,1671,3225,2790,1260,1681,1432,3159,3058,1953,1173,3044,1170,1545,3765,1164,2233,1206,2991,533,3315,2680
3623,3459,1415,2331,3544,1580,2080,2265,1795,2702,777,1665,3440,3528,1073,2263,887,2793,3475,858,1161,2045,1459,535,660,3520,2837,381,1883,609,205,367,839,1925,222,2799,1367,2964,2638,955,2813,936,2725,1516,2917,1100,817,587,3216,482,0,1248,108,3619,3480,1387,3563,2389,2708,3566,2172,3050,2709,1358,1156,2094,289,3374,2289,3198,3349,3465,3595,1977,3222,3826,1090,931,582,3002,2187,3278,154,2096,2010,3429,2113,1027
3802,3800,3753,2516,3706,990,616,2471,3305,3466,184,4,2876,840,2472,1874,3456,469,2824,3518,1552,1024,2064,2098,2430,2140,3485,2504,1405,3610,1582,99,915,1150,2778,3626,3714,2032,277,2684,288,2608,1876,45,1733,3789,303,1879,1312,1949,1248,0,1626,1934,3484,3157,1864,2934,3534,1904,941,299,3385,1444,447,588,1532,3604,2260,2213,2051,1289,2232,1318,2057,1639,2296,1326,733,12,1618,1709,2690,2358,2752,3338,1371,1460
950,1402,332,3783,3784,190,3035,2111,1786,1359,34,3126,1079,123,47,3348,3226,1489,265,466,2830,3629,833,3133,2230,3404,1341,1175,2442,559,354,3603,782,1714,2976,3328,2626,2678,1810,873,3294,1935,868,2320,1851,2644,912,2147,347,650,108,1626,0,3309,71,321,3253,2206,3455,3361,283,1065,55,2929,865,2870,2256,1706,862,1245,175,1859,637,1701,2217,3239,890,811,1295,364,2611,2428,1783,200,2615,3437,2473,107
1519,2404,2315,2885,848,3236,342,2106,1478,3609,987,1845,187,147,1890,3741,1517,2419,2612,1889,1506,1433,2305,1616,1376,599,113,2660,2336,2352,2538,1841,1232,189,336,744,897,1537,1250,1390,815,743,3333,409,246,2194,1908,2911,668,540,3619,1934,3309,0,961,1791,2905,3707,845,1151,2517,633,3085,2126,1004,3010,919,2618,1054,2887,384,2366,1762,956,1498,1141,543,2765,1256,530,1738,2088,937,2505,2355,3045,1095,3493
2514,642,416,2284,333,2983,3535,1873,3081,87,1565,3749,478,1832,2959,863,1254,570,2787,1830,1439,2537,3023,3007,1138,1730,1180,2872,1058,2856,1670,911,3820,2079,1836,1540,2882,1906,1774,1678,445,2458,2383,3340,1179,1673,215,2330,598,3,3480,3484,71,961,0,2496,1514,2447,3357,2160,3660,2578,1484,21,2003,3737,3423,1896,2155,1840,2869,879,255,1244,2236,240,1443,1172,1512,2405,3174,3774,1258,914,2629,826,1106,2307
2062,2434,3577,2563,553,1407,2499,3570,1722,1011,2789,2653,3743,643,709,3726,1310,137,325,17,1654,665,896,1465,2739,428,1274,3267,300,1948,2298,718,3785,1886,2312,1649,1828,2903,1683,2046,3470,2783,376,2399,2515,3508,171,3666,3107,235,1387,3157,321,1791,2496,0,2211,3214,3079,1094,754,1794,2585,3203,666,2591,909,2898,1974,3687,1379,388,3561,1005,227,58,702,1167,427,2394,976,294,3772,95,133,1636,3647,2222
3137,3461,1121,3766,186,3306,2074,33,52,2102,2306,1223,3049,619,3143,2620,236,1199,1658,2374,1513,496,432,2518,2952,2101,3435,3617,36,766,1589,2786,1103,3781,3078,3592,292,1019,2544,1308,693,3808,3715,920,1317,3513,3651,3232,1370,971,3563,1864,3253,2905,1514,2211,0,3448,628,3332,2977,944,2090,1973,2710,829,3351,2863,2880,2767,3207,769,1083,2053,2833,980,2083,328,1557,2685,1282,3127,1267,153,2581,1420,2649,964
1641,1788,170,764,1659,2985,116,3646,3286,513,1216,1989,3130,2845,631,1996,1800,2011,1527,974,2632,282,2440,92,1087,3168,2077,313,3274,257,1853,883,1927,2699,2420,1561,2965,2526,2349,1932,929,2443,2594,2202,2365,1727,2771,593,3206,1081,2389,2934,2206,3707,2447,3214,3448,0,1985,3077,2875,3279,592,2207,1230,3668,3138,2674,2497,2105,2780,233,1819,2342,1160,1688,2809,3096,3823,114,3502,1184,319,2468,3731,3557,2321,2941
1585,511,3072,2398,1403,1061,3371,2939,504,500,1698,3052,2028,2997,212,2606,789,3631,2313,3443,3013,591,3618,3205,2068,2914,1143,716,1373,2874,2794,3799,2982,2773,1978,1987,3425,3454,2266,2226,2908,2640,622,1597,2705,3516,1575,363,2245,756,2708,3534,3455,845,3357,3079,628,1985,0,2092,2250,1570,1374,1680,3813,2188,3101,182,2623,712,3616,1642,1455,953,2539,3556,2395,3408,3697,2427,1587,2729,3549,3599,3416,3806,481,3541
368,1183,1687,3363,1364,1826,2175,2288,3262,3769,25,3199,3684,239,2878,8,1207,3723,878,231,1572,380,3550,1261,1149,3172,3489,943,1559,3048,415,267,3495,1461,2148,19,2904,2663,2219,1634,93,2141,3104,1049,3280,3018,1315,2334,492,629,3566,1904,3361,1151,2160,1094,3332,3077,2092,0,1689,1940,1182,2945,704,1661,3131,213,2391,2907,320,2625,2727,3277,355,164,649,1818,2417,2989,2166,877,1960,2808,538,720,2267,1064
3744,3704,3591,2367,2000,1453,2103,1998,779,1168,2203,2556,686,3256,1813,751,2128,2177,1086,2281,2509,1112,2524,350,2994,2707,2645,2501,557,329,1737,1501,1739,1397,341,3258,2154,2324,38,498,1093,626,2980,3116,2467,3273,785,168,3249,1693,2172,941,283,2517,3660,754,2977,2875,2250,1689,0,611,422,183,2033,942,3678,2459,2264,510,1080,268,2446,3739,1970,3418,3183,2290,448,997,3630,369,23,1490,3632,818,3515,2806
462,1339,1822,2960,3031,1749,2935,689,703,2566,2948,2205,2583,3438,3397,1734,1675,1240,3736,3213,2124,2450,79,2361,2091,2906,982,2302,103,3330,395,1451,112,377,3302,3428,2639,2530,2641,2340,2659,1956,374,2078,1533,2919,2483,1604,841,1033,3050,299,1065,633,2578,1794,944,3279,1570,1940,611,0,984,96,2738,746,2492,63,2326,304,3266,3671,3634,308,2040,2562,426,832,2257,1418,3504,3336,661,962,3204,2346,454,104
3377,3223,206,3712,1148,1612,3643,2162,1225,2868,3083,2946,745,850,2718,749,480,2511,2864,3209,1892,805,3553,3633,3313,1034,1809,1610,373,3291,1930,1804,1811,1601,122,1430,3161,1588,3810,806,2748,1538,3188,1378,1070,3164,2027,68,2701,1712,2709,3385,55,3085,1484,2585,2090,592,1374,1182,422,984,0,430,1928,768,3026,1548,2558,905,1708,2351,641,2076,3755,3087,2811,2744,1705,57,2560,136,2835,2409,2541,2329,3825,1023
220,1222,1012,2536,544,734,1013,1615,761,3757,3112,3787,1072,1038,3292,2900,1543,1778,1773,2275,2829,1426,676,1050,1127,2372,1713,2248,516,2120,2523,1917,167,2961,1272,32,53,3354,3025,3517,2956,2724,2909,375,579,3615,3724,2436,2332,3670,1358,1444,2929,2126,21,3203,1973,2207,1680,2945,183,96,430,0,245,24,1211,3624,2276,739,1867,41,1377,1046,1104,1546,3501,859,722,420,1850,129,568,1412,2512,2159,2100,2593
3414,573,3166,600,3074,2282,3409,651,1037,193,314,1780,2108,1039,507,3710,2580,753,1624,792,3055,2176,2755,3659,1195,102,2650,723,3119,2319,2949,2993,2070,3147,3149,1921,1707,3701,1221,330,2540,1062,35,1125,3506,1746,50,2285,3005,2357,1156,447,865,1004,2003,666,2710,1230,3813,704,2033,2738,1928,245,0,3135,1781,3184,3322,584,1060,2877,2892,31,228,2271,2614,3585,3030,2449,3600,2807,698,1059,652,2134,3381,2570
1048,1010,603,3754,408,3796,502,3770,2627,463,3452,1001,3054,506,2426,2735,196,674,2546,2192,888,2059,3111,3565,1115,1961,3532,1796,1741,969,3298,1775,66,2955,577,3491,1982,1941,517,1292,1691,2460,1428,1669,1067,2479,134,3067,1899,857,2094,588,2870,3010,3737,2591,829,3668,2188,1661,942,746,768,24,3135,0,1555,2180,1305,2551,2577,2293,3642,2913,1165,98,385,2362,3073,1363,249,1771,799,855,1190,1162,2810,439
3316,1536,1335,1564,248,2758,1529,575,3596,834,2679,366,316,2928,2590,485,2401,2463,1868,75,2542,2774,2775,3346,1628,2115,624,1878,3181,1044,1682,3688,2686,244,151,985,995,1243,3494,1838,3584,728,1668,1458,100,1193,1923,2295,2610,159,289,1532,2256,919,3423,909,3351,3138,3101,3131,3678,2492,3026,1211,1781,1555,0,3327,685,217,621,1729,2086,1994,3717,425,2912,2599,1803,1126,2328,1666,1866,979,1814,828,3144,3047
2981,479,1753,1852,2828,3110,809,1413,713,2043,2179,1635,349,2199,394,3375,2283,429,1116,1586,1938,2796,679,3303,1393,3694,1323,1075,1824,493,772,2584,2598,1631,1888,1255,3153,2041,529,1131,2065,1030,1481,821,875,3568,2050,1497,362,1671,3374,3604,1706,2618,1896,2898,2863,2674,182,213,2459,63,1548,3624,3184,2180,3327,0,2415,3652,2067,2223,2037,2713,465,3718,3012,795,3445,562,765,1508,1677,1140,3673,740,1381,3132
835,2689,1590,3304,3464,634,2489,2047,3803,2883,2662,1576,3727,3378,2975,814,2531,152,393,2158,204,3433,223,1336,2165,1646,1877,3353,2899,3676,1983,2603,272,2832,3039,2181,539,1967,3194,2444,2093,2866,344,2273,3218,2198,2435,3413,3352,3225,2289,2260,862,1054,2155,1974,2880,2497,2623,2391,2264,2326,2558,2276,3322,1305,685,2415,0,2006,1833,3028,1655,3386,1539,2424,3548,487,2278,1763,658,476,560,3014,29,2962,1483,365
3679,3430,2534,2439,1881,2579,977,3308,3582,864,2635,1710,2380,1946,2604,1696,2657,2552,3510,1650,453,1584,672,2301,1511,625,2348,131,3664,1301,1750,2197,1980,1882,2274,884,263,983,548,1793,1971,3036,2555,2255,3558,1278,2373,2826,286,2790,3198,2213,1245,2887,1840,3687,2767,2105,712,2907,510,304,905,739,584,2551,217,3652,2006,0,2636,1534,2859,3771,1473,1342,583,2145,3202,1353,861,860,3580,551,2746,512,1895,3053
178,3649,3146,1414,783,786,3756,3311,2669,2766,2597,2691,1975,1492,2871,2054,1912,1525,2797,2258,876,3260,2441,2567,1943,1159,2920,2127,2343,155,1764,1218,1999,3403,1449,992,2310,3224,1472,3417,2923,2792,3066,763,501,514,1351,3310,981,1260,3349,2051,175,384,2869,1379,3207,2780,3616,320,1080,3266,1708,1867,1060,2577,621,2067,1833,2636,0,150,1944,1531,2861,3367,3686,3732,3245,225,2247,1577,1356,1469,3601,3824,1556,3514
307,247,3004,3089,2574,3382,1241,741,3211,2353,1769,1995,1078,596,2323,1158,3537,9,867,2129,1990,3472,1981,1166,2557,3024,1919,1600,2821,174,2488,3191,1825,144,3399,3650,3155,925,3247,1839,2253,1611,3297,2988,2777,3821,2227,2163,2781,1681,3465,1289,1859,2366,879,388,769,233,1642,2625,268,3671,2351,41,2877,2293,1729,2223,3028,1534,150,0,524,1264,2153,2628,2156,3011,1638,2545,630,2764,3728,2915,3296,2448,3108,2009
688,1657,3524,3621,1767,2338,2802,2270,3121,163,2963,1573,1551,2304,337,3486,2759,2519,1210,1002,1246,3125,2760,1972,989,387,1236,1421,2178,3321,3115,1157,1656,1134,2741,3246,3690,2564,470,435,1931,2356,707,1307,2998,2261,1300,852,3791,1432,3595,2232,637,1762,255,3561,1083,1819,1455,2727,2446,3634,641,1377,2892,3642,2086,2037,1655,2859,1944,524,0,3285,1865,3705,2840,3071,2221,83,3169,804,2553,1355,3525,2461,1028,459
923,2190,3790,180,1518,1672,2873,731,2613,1025,370,3589,3070,1740,1475,1152,1362,1147,1409,1719,2200,1327,856,1217,2687,2712,2021,3229,1108,219,1777,784,194,1602,526,1408,1812,3497,3747,1493,2182,399,663,2966,2842,260,2216,3594,1647,3159,1977,1318,1701,956,1244,1005,2053,2342,953,3277,3739,308,2076,1046,31,2913,1994,2713,3386,3771,1531,1264,3285,0,2025,229,3745,2896,438,3109,3391,3017,2269,69,3257,1751,2004,1547
2836,1468,2287,2393,1910,1743,1790,497,3593,2388,1510,1208,1144,3208,3000,1205,3759,1761,2742,241,614,3037,602,2922,2814,1554,2776,836,2855,1869,2728,3805,1667,534,2084,2549,2161,1566,2693,546,207,2957,3042,1592,2437,3412,3457,1429,22,3058,3222,2057,2217,1498,2236,227,2833,1160,2539,355,1970,2040,3755,1104,228,1165,3717,465,1539,1473,2861,2153,1865,2025,0,585,793,3588,2026,1799,40,382,1505,1891,3041,2272,752,1133
3154,851,1861,3347,1438,484,1380,1084,3700,3314,1337,1843,1257,662,2621,3696,1808,1145,1625,3243,648,3551,531,2254,1219,916,2309,2268,2500,2726,1448,3567,3263,1835,747,3084,2125,2218,869,1394,361,1286,1491,2042,1629,1357,1827,2379,3667,1953,3826,1639,3239,1141,240,58,980,1688,3556,164,3418,2562,3087,1546,2271,98,425,3718,2424,1342,3367,2628,3705,229,585,0,390,475,2533,527,1606,3113,3370,907,3713,2484,3779,2602
933,397,572,802,724,3539,1745,972,719,2947,677,939,1203,1837,16,1742,1898,1384,2860,794,2475,275,567,1437,2015,1015,2528,3118,3252,1992,2386,3269,1720,1136,97,683,1016,3819,290,2506,3681,1550,1330,1350,3271,1202,1467,3167,2527,1173,1090,2296,890,543,1443,702,2083,2809,2395,649,3183,426,2811,3501,2614,385,2912,3012,3548,583,3686,2156,2840,3745,793,390,0,128,711,89,2651,1006,324,403,1603,2631,1118,949
1507,3656,705,3635,3602,639,402,2183,3362,2376,2664,578,3407,165,632,1959,996,3289,2139,825,2173,452,2838,348,264,3648,3064,522,2897,3695,1237,3334,3720,494,681,1623,1524,2529,945,242,3468,202,1962,3680,2150,2801,2121,3124,1294,3044,931,1326,811,2765,1172,1167,328,3096,3408,1818,2290,832,2744,859,3585,2362,2599,795,487,2145,3732,3011,3071,2896,3588,475,128,0,118,3076,827,1424,2345,3163,3401,3095,505,2737
1008,3751,3612,2743,1466,994,1077,311,3450,1477,3368,3730,2359,3139,2061,678,1440,3242,3402,922,2924,90,1627,1617,3555,1716,84,1875,1435,3578,918,1142,656,1097,1754,2238,1653,1129,185,1436,2012,3807,3120,3141,1735,2769,1215,2559,499,1170,582,733,1295,1256,1512,427,1557,3823,3697,2417,448,2257,1705,722,3030,3073,1803,3445,2278,3202,3245,1638,2221,438,2026,2533,711,118,0,564,226,3816,1306,3324,1549,105,537,2825
1958,594,2487,1032,874,638,549,1110,3463,3498,449,3562,3410,3782,3281,2482,1425,800,1293,2543,253,542,2425,1022,1563,70,1571,2168,73,1055,1096,2984,882,1470,2972,3817,986,1238,443,2619,1375,2971,2532,224,135,132,1731,148,1951,1545,3002,12,364,530,2405,2394,2685,114,2427,2989,997,1418,57,420,2449,1363,1126,562,1763,1353,225,2545,83,3109,1799,527,89,3076,564,0,690,2387,978,3088,3574,1607,3590,854
30,725,3170,3476,973,345,3240,2719,2118,1614,2402,3393,1496,1620,2403,680,1976,2633,2721,653,2818,1071,3323,1569,464,541,3822,3773,3264,273,10,960,2722,379,803,3372,2451,1526,1419,2569,1993,433,2589,3760,2839,1098,2930,2035,2137,3765,2187,1618,2611,1738,3174,976,1282,3502,1587,2166,3630,3504,2560,1850,3600,249,2328,765,658,861,2247,630,3169,3391,40,1606,2651,827,226,690,0,149,2763,2720,2831,106,1366,1637
1334,2044,701,669,3507,822,2848,3097,1271,2185,2698,2665,85,3400,3716,335,346,787,3812,1040,1929,1558,654,3479,3685,2600,893,3173,647,1345,1605,1728,3171,327,556,1633,3742,3672,1196,1988,2672,3106,261,3571,1280,3644,3780,2622,37,1164,3278,1709,2428,2088,3774,294,3127,1184,2729,877,369,3336,136,129,2807,1771,1666,1508,476,860,1577,2764,804,3017,382,3113,1006,1424,3816,2387,149,0,2858,2970,2452,1391,109,558
2951,2251,1947,2421,2167,3331,1239,3003,3057,2406,1789,2364,3777,1664,2208,74,1026,1598,3105,3136,2422,2918,3734,2300,3702,635,3683,3290,1648,2337,737,1383,1583,3439,3227,490,1352,3424,2817,3554,1251,2123,3735,2038,3764,1724,3818,351,3098,2233,154,2690,1783,937,1258,3772,1267,319,3549,1960,23,661,2835,568,698,799,1866,1677,560,3580,1356,3728,2553,2269,1505,3370,324,2345,1306,978,2763,2858,0,1365,3300,1340,3220,2637
1266,2214,3786,115,1392,357,2360,110,2314,1640,3620,254,3275,3261,1091,2979,2146,3406,3411,2110,1593,451,3001,1855,2240,1213,1679,306,965,2587,3748,3529,3422,371,3750,1299,1220,2193,2008,2958,1933,2617,1187,3762,2823,2454,908,471,3231,1206,2096,2358,200,2505,914,95,153,2468,3599,2808,1490,962,2409,1412,1059,855,979,1140,3014,551,1469,2915,1355,69,1891,907,403,3163,3324,3088,2720,2970,1365,0,1234,2932,2852,3653
2703,2731,2481,2688,1690,2901,3288,3008,3453,1302,130,569,3082,823,305,1427,5,2973,2432,791,3545,3200,601,39,2220,2716,2819,1674,2717,1047,3396,1487,3405,3677,967,2661,3752,3474,2695,3038,2677,1594,565,1333,3444,2510,2385,830,3628,2991,2010,2752,2615,2355,2629,133,2581,3731,3416,538,3632,3204,2541,2512,652,1190,1814,3673,29,2746,3601,3296,3525,3257,3041,3713,1603,3401,1549,3574,2831,2452,3300,1234,0,2986,3674,3283
3270,2795,1595,2135,748,2407,2400,1756,2575,3265,755,181,49,1699,3185,2937,1457,3689,2865,2596,1700,2676,1107,3793,1823,866,547,1676,28,808,1401,1502,3703,2753,358,1450,3607,1029,177,671,2369,2889,1854,695,3255,820,687,886,238,533,3429,3338,3437,3045,826,1636,1420,3557,3806,720,818,2346,2329,2159,2134,1162,828,740,2962,512,3824,2448,2461,1751,2272,2484,2631,3095,105,1607,106,1391,1340,2932,2986,0,440,2466
2412,757,872,1262,958,736,2019,3579,525,3693,2413,2630,1718,2862,871,1120,1757,3586,3259,1169,776,2133,1354,421,3319,2431,1884,2368,1201,1736,1452,3376,901,2423,508,78,2535,714,2390,1322,998,2478,1782,230,904,2804,1154,1321,935,3315,2113,1371,2473,1095,1106,3647,2649,2321,481,2267,3515,454,3825,2100,3381,2810,3144,1381,1483,1895,1556,3108,1028,2004,752,3779,1118,505,537,3590,1366,109,3220,2852,3674,440,0,3640
271,2195,1192,1068,1900,88,3326,2201,3729,1599,3481,391,842,566,142,2692,3442,837,2520,1945,2547,2936,947,1209,2667,959,2085,1111,2572,91,1480,3420,1732,903,2605,1950,906,6,1212,847,1036,234,1188,1779,3663,483,824,2327,3102,2680,1027,1460,107,3493,2307,2222,964,2941,3541,1064,2806,104,1023,2593,2570,439,3047,3132,365,3053,3514,2009,459,1547,1133,2602,949,2737,2825,854,1637,558,2637,3653,3283,2466,3640,0
