0,2161,1340,1716,559,2134,168,3254,1,2108,1870,3037,2103,2696,2971,2735,49,2193,3094,3057,2311,569,2355,1183,2565,3479,141,2486,2500,3172,417,1890,11,3522,2226,3433,1879,47,244,2601,1009,3751,2641,1568,2073,3582,19,3732,2117,3742,3088,2376,2684,3753,762,783,1203,3562,2791,3792,1897,3515,270,3571,2899,186,795,1832,3790,233,2105,331,2461,879,2619,1374,2503,2688,3412,3698,998,377,3764,2748,2083,2621,1741,1495
2161,0,571,1504,3092,965,529,659,280,431,1581,3419,1257,1916,414,880,1388,3516,1211,685,3074,275,3802,2118,3646,3491,3406,132,3721,340,3439,1400,1412,2817,3668,992,1560,1404,1775,2888,3806,2685,1426,1264,272,3318,9,1673,3032,1947,1105,2059,1217,1320,3167,2335,1565,805,2162,1803,1525,268,3276,157,552,2626,798,316,1694,3655,3551,1176,2290,3804,1008,2780,3454,546,2177,241,1236,1342,1372,2873,1893,1511,1023,2191
1340,571,0,363,156,1700,3009,1909,895,2630,3561,214,1225,355,1819,76,1379,2879,1824,1651,3076,372,547,1958,2493,61,2568,2782,1038,3264,3308,1934,3577,158,3134,386,2222,3482,1980,3169,2188,3503,1269,2895,2925,3268,957,942,2220,2069,3653,483,558,741,2877,3512,1282,1439,1026,3666,3383,1607,2498,2407,200,1389,2228,2392,1816,1459,1598,682,2109,928,1987,2576,1733,3285,3017,2254,2981,2992,718,1905,743,2312,2737,1498
1716,1504,363,0,3724,2041,2348,597,3705,371,2868,1490,3152,213,1636,1685,166,2323,2037,1939,3543,451,3371,228,611,2096,2480,2100,2025,2125,3093,362,1891,1406,2631,418,3513,2474,1861,3209,3222,938,3784,1921,1675,174,1401,764,3822,1098,1011,632,3267,2385,639,1853,3281,1242,2477,2814,480,508,3640,3679,1252,1470,1828,1436,878,3693,1979,2745,2724,1917,837,2512,866,2352,735,2863,967,2699,1576,3827,3699,671,2115,2057
559,3092,156,3724,0,2451,1006,3614,1719,2552,804,3610,3225,3793,2605,2389,1170,2864,3073,3367,3230,2463,1818,555,1780,3324,635,3224,1297,2952,975,2517,3526,1797,1475,3532,503,3544,3424,2079,1296,1422,984,3068,509,24,2490,615,3495,2920,987,3418,630,771,2092,2307,1392,89,1964,1920,898,3557,1058,2697,231,1794,1892,438,3269,1274,335,2143,1931,1140,754,1311,1254,3022,3015,99,1519,2055,1081,581,1722,1610,3101,2575
2134,965,1700,2041,2451,0,205,3384,2201,2988,3760,367,1350,2597,2022,669,3080,2217,2259,441,1497,2110,3600,1889,1353,82,3108,2211,167,437,3486,220,1512,1059,3758,1860,1010,3462,2729,3168,2023,1937,2777,1427,3663,2181,2703,1619,2093,1631,874,3681,30,3545,338,2610,1706,3013,2922,812,959,1740,3410,773,2538,2360,2819,3735,1056,3817,460,2129,1966,1029,60,1994,517,1093,579,72,459,2334,2171,1035,1306,2501,400,329
168,529,3009,2348,1006,205,0,1857,584,196,2303,469,3111,2005,3434,2991,542,2445,776,2263,2140,747,1375,3461,3130,2740,2544,862,1531,3287,110,2167,2675,2660,3645,32,1689,1575,452,2785,271,1461,2609,3733,1064,1247,3081,1287,684,588,20,1132,1055,3700,2363,3059,2296,33,15,3353,1919,3160,304,3302,2453,698,1368,2010,2995,981,3301,2099,1783,303,2923,794,3801,1156,1520,921,1162,2357,1457,1926,292,3574,1933,2834
3254,659,1909,597,3614,3384,1857,0,738,2341,1508,3109,2755,1402,2832,226,291,1245,1561,858,3300,952,104,982,1691,2359,309,3313,2567,71,444,2797,506,2574,393,3429,3744,44,117,2381,1584,626,3336,2106,2017,1471,4,1025,2666,1524,1118,1216,2345,768,3019,1083,3171,2492,991,1732,3154,266,3204,3166,2838,3803,1139,133,3190,1825,45,3012,3116,922,2149,1197,35,3762,1447,3807,769,886,1718,3502,3771,2414,551,3603
1,280,895,3705,1719,2201,584,738,0,2843,1001,2141,3377,575,949,2654,3366,3051,3331,1133,1582,1110,1453,2338,2174,2840,1030,1219,1205,161,192,397,1336,295,415,421,2788,458,1608,2068,1522,1012,1258,3712,2839,55,2801,1652,125,2757,3394,1155,2252,1615,1864,1259,2614,872,1571,1907,1063,2944,532,3673,576,3319,127,1601,1959,1334,2504,2556,548,1929,3489,2948,2962,1068,2706,171,3184,2761,708,3766,755,507,3478,2281
2108,431,2630,371,2552,2988,196,2341,2843,0,3782,3695,2333,1169,498,2199,3321,1295,665,152,2320,3555,3794,1810,919,817,2728,2861,1515,2135,1588,3438,2876,2776,1672,3657,2518,2708,1496,3505,2432,1317,3251,1957,3355,3460,2483,712,944,3423,2413,824,2224,3752,1830,1941,2459,3146,1357,1983,17,1290,3315,3447,847,826,3612,3642,2101,2682,2020,2036,1567,3165,1500,1405,3546,1528,3261,2412,1329,2730,2741,2443,285,1024,2035,621
1870,1581,3561,2868,804,3760,2303,1508,1001,3782,0,2,3114,851,1628,1605,1806,38,178,2250,2584,2591,120,2800,3133,3211,1989,481,3194,941,2999,1708,420,2495,1690,1791,2526,3517,2241,3575,1149,1233,2884,3734,2829,2578,2273,3217,2550,288,204,336,1091,2358,2783,2085,3164,2435,1416,2054,124,2600,2425,956,3777,1424,1778,3102,1650,3667,2679,1750,1147,3609,2945,1359,850,3540,1239,2388,293,374,3333,3706,1184,2966,2044,50
3037,3419,214,1490,3610,367,469,3109,2141,3695,2,0,1767,1895,806,1901,3042,454,881,122,2489,314,1126,1949,3621,2663,1948,706,3189,1452,128,1510,448,3587,3349,513,2403,3659,2582,2850,3403,1356,2033,2450,913,3593,2693,2842,419,1604,2537,3258,1146,1744,53,3361,1122,3375,1265,300,2102,1250,948,831,2282,1279,2091,3360,2406,221,2558,2208,3223,3594,1829,278,1407,3641,937,3664,202,1451,785,39,2292,1812,2961,519
2103,1257,1225,3152,3225,1350,3111,2755,3377,2333,3114,1767,0,2154,825,2439,1421,2366,1474,3748,1199,1590,2958,1319,3242,614,229,1413,969,14,838,3743,2246,554,2881,1221,1141,1018,2377,1089,797,3430,3387,320,2912,88,553,2126,3511,1441,195,3715,1541,74,1940,145,2980,997,1285,3351,493,3686,3362,29,1351,629,2024,2976,628,2767,664,1238,3740,732,792,1536,1599,139,2012,2284,727,2499,2681,3536,689,1015,2911,3397
2696,1916,355,213,3793,2597,2005,1402,575,1169,851,1895,2154,0,3647,1075,3041,2128,2236,1827,2890,3310,904,1943,1113,2178,2122,342,600,562,3630,2372,889,910,1592,3685,3113,21,2824,3639,873,347,2030,1638,3761,1928,1168,3729,1547,3588,3062,1414,1053,78,3295,114,2796,1299,3035,988,3231,3467,2520,2896,912,2543,1737,3363,1850,299,1866,2468,3282,2275,2042,2847,1684,2032,1701,3063,2082,3091,2751,1003,2470,2235,890,2172
2971,414,1819,1636,2605,2022,3434,2832,949,498,1628,806,825,3647,0,868,378,1974,2087,2837,1899,1589,1944,3334,516,326,2547,344,1553,3127,3395,3097,2977,841,1665,257,46,75,1911,3716,2701,2460,2006,1348,3379,1386,3737,2502,3783,147,2340,3589,3678,605,1540,2667,260,3746,2561,779,3637,1467,3708,70,1648,1065,2505,1847,1300,927,832,2848,501,3778,2764,2147,305,3288,2774,828,2624,578,2187,758,3040,962,641,2623
2735,880,76,1685,2389,669,2991,226,2654,2199,1605,1901,2439,1075,868,0,1449,2216,3314,3138,2090,793,2422,1613,2935,3393,2644,390,1292,3408,123,179,2328,1362,943,622,1444,1544,1481,1314,2256,3398,3106,1912,183,1606,63,3011,1078,382,235,1807,2276,2687,385,3306,2326,2287,130,2849,2799,2455,424,700,1682,2535,1096,259,678,2472,2557,1494,2555,1773,3591,3773,3789,1478,1051,3121,1039,2332,1960,2527,185,2532,369,1464
49,1388,1379,166,1170,3080,542,291,3366,3321,1806,3042,1421,3041,378,1449,0,366,3654,1503,703,2050,3444,1748,1086,22,488,3212,2289,2330,143,2446,3277,1972,505,3759,582,1799,380,2763,18,2111,3697,216,2586,674,190,3273,2534,1166,1874,2689,474,528,434,818,450,1804,2950,1041,439,1107,1545,1370,3711,16,1878,2131,3075,1578,2399,2964,98,3170,1136,3339,2063,1154,3585,3529,1869,3188,113,403,1480,1220,1178,3218
2193,3516,2879,2323,2864,2217,2445,1245,3051,1295,38,454,2366,2128,1974,2216,366,0,2596,1428,704,1390,3085,1839,778,489,504,3714,217,2937,2419,2531,2356,848,3805,2525,2781,2034,3158,1898,1768,565,1542,95,332,3173,3488,1735,3052,348,512,3135,594,2649,3662,699,2051,191,1425,724,3776,2038,667,1321,286,2138,1256,1333,2867,2478,1440,3415,1408,1465,1984,1875,1070,3633,1671,2970,3725,3402,2719,1050,3651,2008,3464,1880
3094,1211,1824,2037,3073,2259,776,1561,3331,665,178,881,1474,2236,2087,3314,3654,2596,0,2871,1213,840,2496,1763,1194,1977,3110,2854,835,3669,1738,2391,1116,3174,2683,471,1991,298,3220,1811,1653,541,3622,490,2062,3265,951,3713,34,2342,1696,1227,101,3278,1990,136,2170,961,1347,2908,707,1473,658,2633,1759,1779,1538,242,2239,201,3030,1851,290,2313,3131,3772,3644,543,1720,1676,2410,736,3457,891,2710,3338,1770,103
3057,685,1651,1939,3367,441,2263,858,1133,152,2250,122,3748,1827,2837,3138,1503,1428,2871,0,2094,1104,172,118,2123,970,333,2386,164,1755,1399,3501,2424,3769,1174,2622,2758,457,1900,494,3358,911,3210,1549,2302,3054,2982,918,3307,405,1730,2308,3129,3274,906,2901,2244,1923,1131,1114,2223,1181,1200,2433,3148,534,2371,2309,766,1751,1743,325,1234,2160,2880,1952,3596,1281,3826,2902,2506,1127,3191,2642,1224,1077,3576,3214
2311,3074,3076,3543,3230,1497,2140,3300,1582,2320,2584,2489,1199,2890,1899,2090,703,704,1213,2094,0,1173,1076,2821,177,1679,1518,3524,1787,2253,3625,3518,602,306,1343,1626,3808,3530,1165,2497,1312,1161,510,2551,1177,3117,1330,524,2124,2670,3151,681,1214,550,2411,3514,1580,1577,408,449,3455,2514,3638,1514,2661,1028,3,140,250,3812,1419,3672,2039,1985,2436,3058,396,1587,2145,3791,236,2998,2019,1443,277,3506,2136,227
569,275,372,451,2463,2110,747,952,1110,3555,2591,314,1590,3310,1589,793,2050,1390,840,1104,1173,0,1962,1913,3066,3206,2322,1852,1484,87,3470,526,3335,631,2232,2549,744,1927,593,1595,2402,289,3500,2746,3475,3661,1186,2825,857,2540,867,2731,598,3422,3541,643,1115,3435,520,487,3531,1084,808,729,1559,2750,791,2805,3239,2695,647,2996,650,3162,3767,2916,1842,1188,3670,767,1856,1316,2175,1376,2310,934,953,996
2355,3802,547,3371,1818,3600,1375,104,1453,3794,120,1126,2958,904,1944,2422,3444,3085,2496,172,1076,1962,0,1130,1072,240,1534,2665,2985,2712,814,2040,3243,1551,933,2331,199,1764,2150,1788,2878,2148,1554,173,2280,3391,676,3252,3810,3763,2820,715,1021,2929,137,1094,1268,3560,2844,472,2021,592,821,782,2176,2442,634,3233,2387,648,308,3364,2648,1976,3378,3578,1301,1310,1167,1346,3722,2727,3299,1020,341,3006,1195,3326
1183,2118,1958,228,555,1889,3461,982,2338,1810,2800,1949,1319,1943,3334,1613,1748,1839,1763,118,2821,1913,1130,0,2793,972,2421,3432,2301,131,2656,2759,730,2811,843,2809,2061,3086,931,1099,2048,1232,1894,2919,1111,1171,3476,1717,2396,219,315,1469,3316,3200,1157,475,537,3082,3329,2166,2672,3568,2934,1586,3417,3466,2524,3215,1833,3636,1585,401,3345,2646,3294,1067,3064,1048,1384,1876,2344,2481,1777,1882,2915,2379,58,3823
2565,3646,2493,611,1780,1353,3130,1691,2174,919,3133,3621,3242,1113,516,2935,1086,778,1194,2123,177,3066,1072,2793,0,2872,896,3694,1686,3123,3445,2440,3781,900,2736,261,560,2792,3279,2986,3312,2420,1837,627,3825,466,3018,2638,251,2195,3634,531,1883,1692,301,1456,1539,1627,3595,1286,924,2979,2251,2423,3718,3756,1805,7,2071,281,2726,3465,3556,2787,870,781,2542,2616,12,759,2045,893,1477,1267,163,2457,1697,134
3479,3491,61,2096,3324,82,2740,2359,2840,817,3211,2663,614,2178,326,3393,22,489,1977,970,1679,3206,240,972,2872,0,1128,2297,3431,1688,1537,3136,2987,897,447,3014,733,496,126,2627,1532,1664,1630,3567,1834,3477,574,2629,3153,654,3738,940,2828,853,425,701,690,1429,2743,1360,2229,3687,3046,2242,1129,446,2277,618,3128,3420,1120,3023,1338,149,2852,2779,660,1910,642,398,182,445,2364,3755,1394,2754,2070,2705
141,3406,2568,2480,635,3108,2544,309,1030,2728,1989,1948,229,2122,2547,2644,488,504,3110,333,1518,2322,1534,2421,896,1128,0,802,3535,2075,610,787,3601,215,263,774,1813,3237,407,238,2169,882,1999,1533,2116,3320,3229,273,3049,2488,2351,2978,2855,1352,2066,1971,624,3002,1564,1179,3629,606,1486,525,640,2268,499,2676,1262,2598,3494,416,354,3347,1838,2968,1845,714,2733,1624,756,726,2186,1335,3142,370,154,1341
2486,132,2782,2100,3224,2211,862,3313,1219,2861,481,706,1413,342,344,390,3212,3714,2854,2386,3524,1852,2665,3432,3694,2297,802,0,3365,1223,1240,392,3559,153,3765,3736,2786,1625,2469,2765,144,2826,1702,2065,2553,2205,1121,663,670,1574,2395,1552,2133,1781,3573,175,2802,2936,464,2841,986,3821,3798,625,651,3537,936,3050,2319,3025,2304,2510,2975,91,1276,549,2285,2409,1189,1669,644,1836,2566,2329,3828,1932,2156,1339
2500,3721,1038,2025,1297,167,1531,2567,1205,1515,3194,3189,969,600,1553,1292,2289,217,835,164,1787,1484,2985,2301,1686,3431,3535,3365,0,3527,3141,713,2219,1144,1846,739,1383,2603,2204,1102,3554,1579,2168,343,3487,468,2859,3426,3538,3469,1463,1398,105,2904,788,1483,2686,619,85,2833,2900,162,3620,3029,538,2875,567,777,2243,1749,2004,3499,1206,1462,2886,2857,365,716,3139,1418,1108,1160,3038,346,1888,3590,2659,2265
3172,340,3264,2125,2952,437,3287,71,161,2135,941,1452,14,562,3127,3408,2330,2937,3669,1755,2253,87,2712,131,3123,1688,2075,1223,3527,0,3177,1187,2249,2221,79,1772,2438,193,2107,1191,3820,3534,502,3356,1705,976,3726,3044,2939,750,745,2260,57,28,2760,3498,923,916,302,436,3416,1458,2462,1526,2892,1502,2870,159,1570,2258,1988,2773,478,3730,3401,1655,3613,334,2074,2951,2585,2508,2325,3372,1721,3811,2815,1382
417,3439,3308,3093,975,3486,110,444,192,1588,2999,128,838,3630,3395,123,143,2419,1738,1399,3625,3470,814,2656,3445,1537,610,1240,3141,3177,0,3819,65,2144,108,820,920,3449,1255,1033,3072,1724,3325,601,1906,243,3246,3020,2491,1555,691,1204,1488,1798,327,3060,3569,2002,980,2393,225,3658,3045,2747,3024,1275,3181,73,2370,3626,2831,2347,3521,3207,2142,573,784,1193,3504,2164,465,486,485,711,3232,23,683,1283
1890,1400,1934,362,2517,220,2167,2797,397,3438,1708,1510,3743,2372,3097,179,2446,2531,2391,3501,3518,526,2040,2759,2440,3136,787,392,713,1187,3819,0,1914,3628,426,1387,26,2454,3552,2218,1649,2618,2209,1543,1793,2835,884,3452,1986,561,1657,978,914,1272,2766,121,456,3061,1079,2658,1231,2636,599,637,3523,3583,811,1377,3359,3719,3701,1304,2891,2548,1634,109,100,2139,1501,3010,249,3236,440,800,1235,813,206,2984
11,1412,3577,1891,3526,1512,2675,506,1336,2876,420,448,2246,889,2977,2328,3277,2356,1116,2424,602,3335,3243,730,3781,2987,3601,3559,2219,2249,65,1914,0,789,307,1355,1527,2717,284,3145,1185,1327,3275,245,86,2058,3187,2278,2947,1313,2081,3627,2650,2053,391,3689,1201,3305,3813,2882,3340,2056,1769,725,3388,3095,2612,2298,540,1908,2604,1489,2441,666,1529,3090,1393,929,1548,255,1942,1014,2007,3441,3221,3572,1809,3250
3522,2817,158,1406,1797,1059,2660,2574,295,2776,2495,3587,554,910,841,1362,1972,848,3174,3769,306,631,1551,2811,900,897,215,153,1144,2221,2144,3628,789,0,3205,467,3368,1556,3597,3370,1042,2173,903,388,264,2316,3330,36,1513,442,1881,960,1723,687,1085,2189,2194,2669,2362,1872,1417,3137,1632,3682,3309,54,62,2519,115,1953,3376,1963,2152,463,2026,3144,686,3332,662,2031,1466,3598,3584,568,1995,3553,1054,883
2226,3668,3134,2631,1475,3758,3645,393,415,1672,1690,3349,2881,1592,1665,943,505,3805,2683,1174,1343,2232,933,843,2736,447,263,3765,1846,79,108,426,307,3205,0,570,2416,2354,3112,1925,1437,3150,1641,1714,3542,3520,3404,1817,1756,1479,2865,2897,2127,2200,3373,3175,695,211,2715,2464,830,1266,1922,3039,1325,2415,1097,3427,3005,849,1746,165,983,3680,3468,1961,2926,3456,247,409,1822,248,1073,3120,2291,2645,1654,1757
3433,992,386,418,3532,1860,32,3429,421,3657,1791,513,1221,3685,257,622,3759,2525,471,2622,1626,2549,2331,2809,261,3014,774,3736,739,1772,820,1387,1355,467,570,0,351,3411,3249,1380,1709,252,473,1249,1016,3047,563,43,1100,990,3245,3548,2639,2732,2299,1163,2408,1442,3296,2652,2625,1212,2426,83,2637,1729,2076,2804,1658,3386,3814,3750,1092,1349,1198,816,328,3198,1784,1101,3195,3414,2772,364,3549,3775,1308,1415
1879,1560,2222,3513,503,1010,1689,3744,2788,2518,2526,2403,1141,3113,46,1444,582,2781,1991,2758,3808,744,199,2061,560,733,1813,2786,1383,2438,920,26,1527,3368,2416,351,0,3382,2812,2427,710,208,1208,1558,2190,330,360,232,1005,1955,3291,845,1337,1117,1448,2014,1207,8,757,1790,2112,2752,3611,1202,148,2771,1482,994,2353,1138,1731,2634,2182,3159,311,1635,935,1745,2405,657,2593,1591,435,1776,2321,1307,3566,3043
47,1404,3482,2474,3544,3462,1575,44,458,2708,3517,3659,1018,21,75,1544,1799,2034,298,457,3530,1927,1764,3086,2792,496,3237,1625,2603,193,3449,2454,2717,1556,2354,3411,3382,0,3731,3592,353,572,3564,3533,1936,2294,3026,428,2775,3083,2885,2522,2694,966,1835,1785,801,2711,1956,395,283,2932,3317,1106,728,1192,3213,80,1924,1391,2690,1734,2509,3450,1566,1609,1602,406,518,2394,2113,2267,317,2279,1683,3453,3266,2734
244,1775,1980,1861,3424,2729,452,117,1608,1496,2241,2582,2377,2824,1911,1481,380,3158,3220,1900,1165,593,2150,931,3279,126,407,2469,2204,2107,1255,3552,284,3597,3112,3249,2812,3731,0,3616,535,2318,677,2698,3485,455,3442,2813,905,3033,1516,2653,1970,67,3238,394,860,349,2016,1228,3795,207,2856,1019,3031,2997,3579,1656,557,869,3327,859,3193,1823,2611,3739,2707,2197,1884,1124,3688,1896,387,692,2572,2264,3749,2513
2601,2888,3169,3209,2079,3168,2785,2381,2068,3505,3575,2850,1089,3639,3716,1314,2763,1898,1811,494,2497,1595,1788,1099,2986,2627,238,2765,1102,1191,1033,2218,3145,3370,1925,1380,2427,3592,3616,0,297,1600,2465,3635,2390,1668,246,3303,1569,482,3354,809,1476,3304,1593,609,979,748,3292,1620,3107,2640,3631,3322,13,2830,3028,119,2790,3235,1739,1294,3192,359,1616,3016,1667,181,3581,636,1499,544,3143,1066,3197,3703,2104,3216
1009,3806,2188,3222,1296,2023,271,1584,1522,2432,1149,3403,797,873,2701,2256,18,1768,1653,3358,1312,2402,2878,2048,3312,1532,2169,144,3554,3820,3072,1649,1185,1042,1437,1709,710,353,535,297,0,3342,2594,1052,2013,693,1789,1302,383,1143,2240,3550,2718,210,1432,2592,3400,2444,2921,2233,719,899,3253,1758,1968,1230,2213,623,2795,2723,2261,1858,1640,1841,511,1703,2466,1332,373,3067,846,3728,2060,1583,1877,361,470,2606
3751,2685,3503,938,1422,1937,1461,626,1012,1317,1233,1356,3430,347,2460,3398,2111,565,541,911,1161,289,2148,1232,2420,1664,882,2826,1579,3534,1724,2618,1327,2173,3150,252,208,572,2318,1600,3342,0,3227,1862,6,1363,1849,1253,2476,3824,1345,3492,102,3483,1251,1677,1007,985,2374,3710,577,310,564,2677,1152,3196,2770,2227,822,1215,3157,1460,968,135,915,2587,3381,1000,3053,1762,1027,3263,1358,404,3563,3385,1445,1354
2641,1426,1269,3784,984,2777,2609,3336,1258,3251,2884,2033,3387,2030,2006,3106,3697,1542,3622,3210,510,3500,1554,1894,1837,1630,1999,1702,2168,502,3325,2209,3275,903,1641,473,1208,3564,677,2465,2594,3227,0,2248,2613,2001,2768,37,752,1036,2485,318,3818,790,339,1623,1612,2617,751,1993,3350,3352,1090,209,384,2615,1707,2080,1647,1622,1226,1507,376,1935,5,2573,389,3656,1505,902,1241,1713,3399,2536,1435,3675,2315,1904
1568,1264,2895,1921,3068,1427,3733,2106,3712,1957,3734,2450,320,1638,1348,1912,216,95,490,1549,2551,2746,173,2919,627,3567,1533,2065,343,3356,601,1543,245,388,1714,1249,1558,3533,2698,3635,1052,1862,2248,0,423,170,3580,1998,1761,617,2577,1278,765,3202,2274,413,1726,1603,1992,2029,852,2753,1704,2375,64,265,1434,2664,1385,1965,350,2990,2946,3098,3649,3070,2283,422,1674,2245,3115,2163,3280,3122,189,2713,1573,69
2073,272,2925,1675,509,3663,1064,2017,2839,3355,2829,913,2912,3761,3379,183,2586,332,2062,2302,1177,3475,2280,1111,3825,1834,2116,2553,3487,1705,1906,1793,86,264,3542,1016,2190,1936,3485,2390,2013,6,2613,423,0,1022,3624,1506,2898,3696,142,2858,3348,2384,1661,770,1248,3507,1736,3069,1725,2914,2673,3707,589,2571,566,2428,3149,3774,1040,2482,112,1973,1594,2823,375,763,2471,2368,2011,2401,282,2067,2343,3409,1975,672
3582,3318,3268,174,24,2181,1247,1471,55,3460,2578,3593,88,1928,1386,1606,674,3173,3265,3054,3117,3661,3391,1171,466,3477,3320,2205,468,976,243,2835,2058,2316,3520,3047,330,2294,455,1668,693,1363,2001,170,1022,0,1774,3255,237,2794,2632,1182,1868,294,94,462,402,2845,3440,877,2762,653,1135,1438,2599,1013,495,1293,3126,2523,1164,827,2089,1326,358,212,312,2562,2917,1859,3199,2973,3757,1710,323,2272,2114,2212
19,9,957,1401,2490,2703,3081,4,2801,2483,2273,2693,553,1168,3737,63,190,3488,951,2982,1330,1186,676,3476,3018,574,3229,1121,2859,3726,3246,884,3187,3330,3404,563,360,3026,3442,246,1789,1849,2768,3580,3624,1774,0,1309,2938,1454,3463,1403,1633,2704,1930,1002,2231,345,3797,3786,722,2206,539,2570,1639,3328,3311,3547,3497,2691,3704,3717,2784,3473,3619,2927,2635,357,514,596,3119,3071,1795,638,2722,188,2590,1410
3732,1673,942,764,615,1619,1287,1025,1652,712,3217,2842,2126,3729,2502,3011,3273,1735,3713,918,524,2825,3252,1717,2638,2629,273,663,3426,3044,3020,3452,2278,36,1817,43,232,428,2813,3303,1302,1253,37,1998,1506,3255,1309,0,742,1280,176,1695,3525,2479,587,276,2671,2602,3665,1218,2655,1119,1493,253,352,138,2515,864,1617,863,649,3407,856,3161,950,807,2337,1031,740,3183,1660,2098,2756,1328,2539,2589,2866,319
2117,3032,2220,3822,3495,2093,684,2666,125,944,2550,419,3511,1547,3783,1078,2534,3052,34,3307,2124,857,3810,2396,251,3153,3049,670,3538,2939,2491,1986,2947,1513,1756,1100,1005,2775,905,1569,383,2476,752,1761,2898,237,2938,742,0,3298,1148,2365,484,3048,223,2909,1946,1061,2225,892,399,3770,749,3509,1244,3471,2581,1365,1109,1315,476,31,1902,3570,1175,1305,3096,411,3684,3796,973,1433,3248,1546,3100,2956,1843,3650
3742,1947,2069,1098,2920,1631,588,1524,2757,3423,288,1604,1441,3588,147,382,1166,348,2342,405,2670,2540,3763,219,2195,654,2488,1574,3469,750,1555,561,1313,442,1479,990,1955,3083,3033,482,1143,3824,1036,617,3696,2794,1454,1280,3298,0,68,1509,3539,545,3293,1277,3286,3089,2554,1289,655,356,412,2595,3683,3001,379,2458,2003,1954,2974,3768,2907,90,586,1246,964,815,925,705,3380,3176,2965,2569,616,2473,1123,1145
3088,1105,3653,1011,987,874,20,1118,3394,2413,204,2537,195,3062,2340,235,1874,512,1696,1730,3151,867,2820,315,3634,3738,2351,2395,1463,745,691,1657,2081,1881,2865,3245,3291,2885,1516,3354,2240,1345,2485,2577,142,2632,3463,176,1148,68,0,680,3124,1765,3459,2437,2015,1271,945,2893,296,2894,2993,3343,254,1045,3036,3240,2350,321,2943,2158,2028,2049,2528,2516,2146,2151,184,2196,3709,3283,41,48,2400,218,169,1472
2376,2059,483,632,3418,3681,1132,1216,1155,824,336,3258,3715,1414,3589,1807,2689,3135,1227,2308,681,2731,715,1469,531,940,2978,1552,1398,2260,1204,978,3627,960,2897,3548,845,2522,2653,809,3550,3492,318,1278,2858,1182,1403,1695,2365,1509,680,0,1423,1446,2349,3004,1151,2953,2293,269,368,1786,3125,1563,2306,2047,939,1887,633,1396,1678,1903,2314,2662,2742,556,3078,3607,656,803,1792,2398,2487,955,1981,799,1693,1318
2684,1217,558,3267,630,30,1055,2345,2252,2224,1091,1146,1541,1053,3678,2276,474,594,101,3129,1214,598,1021,3316,1883,2828,2855,2133,105,57,1488,914,2650,1723,2127,2639,1337,2694,1970,1476,2718,102,3818,765,3348,1868,1633,3525,484,3539,3124,1423,0,1043,42,1270,146,3374,522,1840,3077,1951,796,40,3104,2874,3677,2018,2202,2559,1754,2869,2778,1371,203,2009,2918,2397,930,1820,1969,3510,258,3186,2214,702,839,150
3753,1320,741,2385,771,3545,3700,768,1615,3752,2358,1744,74,78,605,2687,528,2649,3278,3274,550,3422,2929,3200,1692,853,1352,1781,2904,28,1798,1272,2053,687,2200,2732,1117,966,67,3304,210,3483,790,3202,2384,294,2704,2479,3048,545,1765,1446,1043,0,530,2744,2608,3643,2430,3446,995,3652,2072,1802,1643,3270,515,3815,1366,3344,608,3787,2121,2418,1284,2967,479,836,652,917,2721,1938,775,93,3480,603,590,324
762,3167,2877,639,2092,338,2363,3019,1864,1830,2783,53,1940,3295,1540,385,434,3662,1990,906,2411,3541,137,1157,301,425,2066,3573,788,2760,327,2766,391,1085,3373,2299,1448,1835,3238,1593,1432,1251,339,2274,1661,94,1930,587,223,3293,3459,2349,42,530,0,1087,591,2324,1711,958,224,3226,2580,1530,1062,1782,3179,721,81,3219,3392,1808,2417,106,3785,2960,2931,2810,3027,2647,2678,2969,1747,2183,3178,3528,1659,810
783,2335,3512,1853,2307,2610,3059,1083,1259,1941,2085,3361,145,114,2667,3306,818,699,136,2901,3514,643,1094,475,1456,701,1971,175,1483,3498,3060,121,3689,2189,3175,1163,2014,1785,394,609,2592,1677,1623,413,770,462,1002,276,2909,1277,2437,3004,1270,2744,1087,0,723,3341,111,3084,3140,3496,668,875,267,2827,1642,1190,1209,876,1260,2818,2545,2692,1303,2789,696,1088,3008,1180,908,2725,194,2346,1004,871,1291,1237
1203,1565,1282,3281,1392,1706,2296,3171,2614,2459,3164,1122,2980,2796,260,2326,450,2051,2170,2244,1580,1115,1268,537,1539,690,624,2802,2686,923,3569,456,1201,2194,695,2408,1207,801,860,979,3400,1007,1612,1726,1248,402,2231,2671,1946,3286,2015,1151,146,2608,591,723,0,322,3247,2132,2078,2234,2887,885,1492,2798,3034,3606,2210,1801,1885,1618,2077,1873,1915,1680,1800,2714,2380,1521,1288,3604,2052,92,1611,2702,2983,2511
3562,805,1439,1242,89,3013,33,2492,872,3146,2435,3375,997,1299,3746,2287,1804,191,961,1923,1577,3435,3560,3082,1627,1429,3002,2936,619,916,2002,3061,3305,2669,211,1442,8,2711,349,748,2444,985,2617,1603,3507,2845,345,2602,1061,3089,1271,2953,3374,3643,2324,3341,322,0,3493,2339,2305,2803,3208,1049,3586,1572,234,887,645,2846,2159,675,521,1074,198,2959,1324,2271,2889,1996,2906,1430,2620,1125,274,2507,2560,116
2791,2162,1026,2477,1964,2922,15,991,1571,1357,1416,1265,1285,3035,2561,130,2950,1425,1347,1131,408,520,2844,3329,3595,2743,1564,464,85,302,980,1079,3813,2362,2715,3296,757,1956,2016,3292,2921,2374,751,1992,1736,3440,3797,3665,2225,2554,945,2293,522,2430,1711,111,3247,3493,0,1662,2361,1863,2942,2467,1082,3780,1364,772,3632,3105,1397,3257,2716,2530,313,381,1196,823,84,954,1172,3720,907,1727,427,1821,1367,1644
3792,1803,3666,2814,1920,812,3353,1732,1907,1983,2054,300,3351,988,779,2849,1041,724,2908,1114,449,487,472,2166,1286,1360,1179,2841,2833,436,2393,2658,2882,1872,2464,2652,1790,395,1228,1620,2233,3710,1993,2029,3069,877,3786,1218,892,1289,2893,269,1840,3446,958,3084,2132,2339,1662,0,10,492,3617,2529,612,3297,3103,1361,222,2184,3436,1150,3228,709,2494,3481,1373,1069,2452,894,3405,1844,1378,2317,786,1760,2084,1753
1897,1525,3383,480,898,959,1919,3154,1063,17,124,2102,493,3231,3637,2799,439,3776,707,2223,3455,3531,2021,2672,924,2229,3629,986,2900,3416,225,1231,3340,1417,830,2625,2112,283,3795,3107,719,577,3350,852,1725,2762,722,2655,399,655,296,368,3077,995,224,3140,2078,2305,2361,10,0,697,2769,1826,3608,888,3727,3234,2327,753,720,607,2720,842,780,3599,2924,1865,3323,761,2816,2994,3244,3021,1629,2853,613,1728
3515,268,1607,508,3557,1740,3160,266,2944,1290,2600,1250,3686,3467,1467,2455,1107,2038,1473,1181,2514,1084,592,3568,2979,3687,606,3821,162,1458,3658,2636,2056,3137,1266,1212,2752,2932,207,2640,899,310,3352,2753,2914,653,2206,1119,3770,356,2894,1786,1951,3652,3226,3496,2234,2803,1863,492,697,0,1057,2563,3451,2749,2836,3055,497,661,2000,963,2120,1712,3618,2336,1871,580,2541,3284,2657,3816,1273,901,337,52,2367,3290
270,3276,2498,3640,1058,3410,304,3204,532,3315,2425,948,3362,2520,3708,424,1545,667,658,1200,3638,808,821,2934,2251,3046,1486,3798,3620,2462,3045,599,1769,1632,1922,2426,3611,3317,2856,3631,3253,564,1090,1704,2673,1135,539,1493,749,412,2993,3125,796,2072,2580,668,2887,3208,2942,3617,2769,1057,0,1550,829,2851,1487,3271,3691,2808,3660,2963,2930,993,1715,2680,865,2521,3289,3087,1071,239,262,1411,433,2157,2456,3163
3571,157,2407,3679,2697,773,3302,3166,3673,3447,956,831,29,2896,70,700,1370,1321,2633,2433,1514,729,782,1586,2423,2242,525,625,3029,1526,2747,637,725,3682,3039,83,1202,1106,1019,3322,1758,2677,209,2375,3707,1438,2570,253,3509,2595,3343,1563,40,1802,1530,875,885,1049,2467,2529,1826,2563,1550,0,1468,1322,3413,2269,1742,1967,2088,2130,2179,3428,977,3702,2288,27,1517,3490,1044,2286,1344,855,1450,2628,3565,3156
2899,552,200,1252,231,2538,2453,2838,576,847,3777,2282,1351,912,1648,1682,3711,286,1759,3148,2661,1559,2176,3417,3718,1129,640,651,538,2892,3024,3523,3388,3309,1325,2637,148,728,3031,13,1968,1152,384,64,589,2599,1639,352,1244,3683,254,2306,3104,1643,1062,267,1492,3586,1082,612,3608,3451,829,1468,0,1431,491,2607,3147,2086,3779,1034,1395,2913,3648,3745,1596,1867,1982,3389,1032,3132,1331,2097,432,429,1229,453
186,2626,1389,1470,1794,2360,698,3803,3319,826,1424,1279,629,2543,1065,2535,16,2138,1779,534,1028,2750,2442,3466,3756,446,2268,3537,2875,1502,1275,3583,3095,54,2415,1729,2771,1192,2997,2830,1230,3196,2615,265,2571,1013,3328,138,3471,3001,1045,2047,2874,3270,1782,2827,2798,1572,3780,3297,888,2749,2851,1322,1431,0,2448,1369,2247,1854,1621,3425,604,3259,1597,523,3203,151,947,1485,3065,2192,1535,2928,1945,2270,2903,3256
795,798,2228,1828,1892,2819,1368,1139,127,3612,1778,2091,2024,1737,2505,1096,1878,1256,1538,2371,3,791,634,2524,1805,2277,499,936,567,2870,3181,811,2612,62,1097,2076,1482,3213,3579,3028,2213,2770,1707,1434,566,495,3311,2515,2581,379,3036,939,3677,515,3179,1642,3034,234,1364,3103,3727,2836,1487,3413,491,2448,0,3182,2237,3741,1153,734,2989,833,679,2095,3671,1771,1855,2119,1562,66,1699,3369,585,3079,1137,3692
1832,316,2392,1436,438,3735,2010,133,1601,3642,3102,3360,2976,3363,1847,259,2131,1333,242,2309,140,2805,3233,3215,7,618,2676,3050,777,159,73,1377,2298,2519,3427,2804,994,80,1656,119,623,2227,2080,2664,2428,1293,3547,864,1365,2458,3240,1887,2018,3815,721,1190,3606,887,772,1361,3234,3055,3271,2269,2607,1369,3182,0,256,3390,3056,731,2546,2434,1095,2378,1796,77,2583,3602,760,688,2579,646,2940,3788,2383,3099
3790,1694,1816,878,3269,1056,2995,3190,1959,2101,1650,2406,628,1850,1300,678,3075,2867,2239,766,250,3239,2387,1833,2071,3128,1262,2319,2243,1570,2370,3359,540,115,3005,1658,2353,1924,557,2790,2795,822,1647,1385,3149,3126,3497,1617,1109,2003,2350,633,2202,1366,81,1209,2210,645,3632,222,2327,497,3691,1742,3147,2247,2237,256,0,1455,2155,25,2373,1831,536,1523,2860,673,1017,2949,974,3007,2230,3000,3474,1637,230,1663
233,3655,1459,3693,1274,3817,981,1825,1334,2682,3667,221,2767,299,927,2472,1578,2478,201,1751,3812,2695,648,3636,281,3420,2598,3025,1749,2258,3626,3719,1908,1953,849,3386,1138,1391,869,3235,2723,1215,1622,1965,3774,2523,2691,863,1315,1954,321,1396,2559,3344,3219,876,1801,2846,3105,2184,753,661,2808,1967,2086,1854,3741,3390,1455,0,1814,746,533,443,1080,1698,430,844,3421,2941,2449,2972,129,2910,2198,155,3337,2238
2105,3551,1598,1979,335,460,3301,45,2504,2020,2679,2558,664,1866,832,2557,2399,1440,3030,1743,1419,647,308,1585,2726,1120,3494,2304,2004,1988,2831,3701,2604,3376,1746,3814,1731,2690,3327,1739,2261,3157,1226,350,1040,1164,3704,649,476,2974,2943,1678,1754,608,3392,1260,1885,2159,1397,3436,720,2000,3660,2088,3779,1621,1153,3056,2155,1814,0,861,1918,2429,1681,3437,2262,2862,2207,2651,3472,160,2257,3809,1815,1646,971,1210
331,1176,682,2745,2143,2129,2099,3012,2556,2036,1750,2208,1238,2468,2848,1494,2964,3415,1851,325,3672,2996,3364,401,3465,3023,416,2510,3499,2773,2347,1304,1489,1963,165,3750,2634,1734,859,1294,1858,1460,1507,2990,2482,827,3717,3407,31,3768,2158,1903,2869,3787,1808,2818,1618,675,3257,1150,607,963,2963,2130,1034,3425,734,731,25,746,861,0,694,287,279,2738,2027,1614,197,477,500,1103,2883,2295,620,1886,3508,946
2461,2290,2109,2724,1931,1966,1783,3116,548,1567,1147,3223,3740,3282,501,2555,98,1408,290,1234,2039,650,2648,3345,3556,1338,354,2975,1206,478,3521,2891,2441,2152,983,1092,2182,2509,3193,3192,1640,968,376,2946,112,2089,2784,856,1902,2907,2028,2314,2778,2121,2417,2545,2077,521,2716,3228,2720,2120,2930,2179,1395,604,2989,2546,2373,533,1918,694,0,2046,989,1037,2739,3443,2484,107,2475,2588,1263,3272,2165,1381,2153,1752
879,3804,928,1917,1140,1029,303,922,1929,3165,3609,3594,732,2275,3778,1773,3170,1465,2313,2160,1985,3162,1976,2646,2787,149,3347,91,1462,3730,3207,2548,666,463,3680,1349,3159,3450,1823,359,1841,135,1935,3098,1973,1326,3473,3161,3570,90,2049,2662,1371,2418,106,2692,1873,1074,2530,709,842,1712,993,3428,2913,3259,833,2434,1831,443,2429,287,2046,0,2668,3448,2957,3185,2700,3690,1848,1557,2447,2203,2431,909,1112,1046
2619,1008,1987,837,754,60,2923,2149,3489,1500,2945,1829,792,2042,2764,3591,1136,1984,3131,2880,2436,3767,3378,3294,870,2852,1838,1276,2886,3401,2142,1634,1529,2026,3468,1198,311,1566,2611,1616,511,915,5,3649,1594,358,3619,950,1175,586,2528,2742,203,1284,3785,1303,1915,198,313,2494,780,3618,1715,977,3648,1597,679,1095,536,1080,1681,279,989,2668,0,2300,2404,3747,926,2806,180,2807,737,3396,819,583,2709,3155
1374,2780,2576,2512,1311,1994,794,1197,2948,1405,1359,278,1536,2847,2147,3773,3339,1875,3772,1952,3058,2916,3578,1067,781,2779,2968,549,2857,1655,573,109,3090,3144,1961,816,1635,1609,3739,3016,1703,2587,2573,3070,2823,212,2927,807,1305,1246,2516,556,2009,2967,2960,2789,1680,2959,381,3481,3599,2336,2680,3702,3745,523,2095,2378,1523,1698,3437,2738,1037,3448,2300,0,2905,3799,3003,1243,1047,1491,3519,3241,96,717,2064,2185
2503,3454,1733,866,1254,517,3801,35,2962,3546,850,1407,1599,1684,305,3789,2063,1070,3644,3596,396,1842,1301,3064,2542,660,1845,2285,365,3613,784,100,1393,686,2926,328,935,1602,2707,1667,2466,3381,389,2283,375,312,2635,2337,3096,964,2146,3078,2918,479,2931,696,1800,1324,1196,1373,2924,1871,865,2288,1596,3203,3671,1796,2860,430,2262,2027,2739,2957,2404,2905,0,56,3118,1261,3180,410,51,2674,2643,3346,1978,2933
2688,546,3285,2352,3022,1093,1156,3762,1068,1528,3540,3641,139,2032,3288,1478,1154,3633,543,1281,1587,1188,1310,1048,2616,1910,714,2409,716,334,1193,2139,929,3332,3456,3198,1745,406,2197,181,1332,1000,3656,422,763,2562,357,1031,411,815,2151,3607,2397,836,2810,1088,2714,2271,823,1069,1865,580,2521,27,1867,151,1771,77,673,844,2862,1614,3443,3185,3747,3799,56,0,3262,2382,3723,3676,1666,2255,3558,2954,3674,1159
3412,2177,3017,735,3015,579,1520,1447,2706,3261,1239,937,2012,1701,2774,1051,3585,1671,1720,3826,2145,3670,1167,1384,12,642,2733,1189,3139,2074,3504,1501,1548,662,247,1784,2405,518,1884,3581,373,3053,1505,1674,2471,2917,514,740,3684,925,184,656,930,652,3027,3008,2380,2889,84,2452,3323,2541,3289,1517,1982,947,1855,2583,1017,3421,2207,197,2484,2700,926,3003,3118,3262,0,1950,2822,2180,1060,527,932,1323,2266,1222
3698,241,2254,2863,99,72,921,3807,171,2412,2388,3664,2284,3063,828,3121,3529,2970,1676,2902,3791,767,1346,1876,759,398,1624,1669,1418,2951,2164,3010,255,2031,409,1101,657,2394,1124,636,3067,1762,902,2245,2368,1859,596,3183,3796,705,2196,803,1820,917,2647,1180,1521,1996,954,894,761,3284,3087,3490,3389,1485,2119,3602,2949,2941,2651,477,107,3690,2806,1243,1261,2382,1950,0,1298,999,2955,59,2043,461,1409,97
998,1236,2981,967,1519,459,1162,769,3184,1329,293,202,727,2082,2624,1039,1869,3725,2410,2506,236,1856,3722,2344,2045,182,756,644,1108,2585,465,249,1942,1466,1822,3195,2593,2113,3688,1499,846,1027,1241,3115,2011,3199,3119,1660,973,3380,3709,1792,1969,2721,2678,908,1288,2906,1172,3405,2816,2657,1071,1044,1032,3065,1562,760,974,2449,3472,500,2475,1848,180,1047,3180,3723,2822,1298,0,187,1687,1158,1997,3201,3484,3615
377,1342,2992,2699,2055,2334,2357,886,2761,2730,374,1451,2499,3091,578,2332,3188,3402,736,1127,2998,1316,2727,2481,893,445,726,1836,1160,2508,486,3236,1014,3598,248,3414,1591,2267,1896,544,3728,3263,1713,2163,2401,2973,3071,2098,1433,3176,3283,2398,3510,1938,2969,2725,3604,1430,3720,1844,2994,3816,239,2286,3132,2192,66,688,3007,2972,160,1103,2588,1557,2807,1491,410,3676,2180,999,187,0,2564,3260,595,1134,834,3754
3764,1372,718,1576,1081,2171,1457,1718,708,2741,3333,785,2681,2751,2187,1960,113,2719,3457,3191,2019,2175,3299,1777,1477,2364,2186,2566,3038,2325,485,440,2007,3584,1073,2772,435,317,387,3143,2060,1358,3399,3280,282,3757,1795,2756,3248,2965,41,2487,258,775,1747,194,2052,2620,907,1378,3244,1273,262,1344,1331,1535,1699,2579,2230,129,2257,2883,1263,2447,737,3519,51,1666,1060,2955,1687,2564,0,2369,1645,3623,1142,3458
2748,2873,1905,3827,581,1035,1926,3502,3766,2443,3706,39,3536,1003,758,2527,403,1050,891,2642,1443,1376,1020,1882,1267,3755,1335,2329,346,3372,711,800,3441,568,3120,364,1776,2279,692,1066,1583,404,2536,3122,2067,1710,638,1328,1546,2569,48,955,3186,93,2183,2346,92,1125,1727,2317,3021,901,1411,855,2097,2928,3369,646,3000,2910,3809,2295,3272,2203,3396,3241,2674,2255,527,59,1158,3260,2369,0,2533,2215,854,3357
2083,1893,743,3699,1722,1306,292,3771,755,285,1184,2292,689,2470,3040,185,1480,3651,2710,1224,277,2310,341,2915,163,1394,3142,3828,1888,1721,3232,1235,3221,1995,2291,3549,2321,1683,2572,3197,1877,3563,1435,189,2343,323,2722,2539,3100,616,2400,1981,2214,3480,3178,1004,1611,274,427,786,1629,337,433,1450,432,1945,585,2940,3474,2198,1815,620,2165,2431,819,96,2643,3558,932,2043,1997,595,1645,2533,0,1670,1420,3605
2621,1511,2312,671,1610,2501,3574,2414,507,1024,2966,1812,1015,2235,962,2532,1220,2008,3338,1077,3506,934,3006,2379,2457,2754,370,1932,3590,3811,23,813,3572,3553,2645,3775,1307,3453,2264,3703,361,3385,3675,2713,3409,2272,188,2589,2956,2473,218,799,702,603,3528,871,2702,2507,1821,1760,2853,52,2157,2628,429,2270,3079,3788,1637,155,1646,1886,1381,909,583,717,3346,2954,1323,461,3201,1134,3623,2215,1670,0,2137,1766
1741,1023,2737,2115,3101,400,1933,551,3478,2035,2044,2961,2911,890,641,369,1178,3464,1770,3576,2136,953,1195,58,1697,2070,154,2156,2659,2815,683,206,1809,1054,1654,1308,3566,3266,3749,2104,470,1445,2315,1573,1975,2114,2590,2866,1843,1123,169,1693,839,590,1659,1291,2983,2560,1367,2084,613,2367,2456,3565,1229,2903,1137,2383,230,3337,971,3508,2153,1112,2709,2064,1978,3674,2266,1409,3484,834,1142,854,1420,2137,0,3800
1495,2191,1498,2057,2575,329,2834,3603,2281,621,50,519,3397,2172,2623,1464,3218,1880,103,3214,227,996,3326,3823,134,2705,1341,1339,2265,1382,1283,2984,3250,883,1757,1415,3043,2734,2513,3216,2606,1354,1904,69,672,2212,1410,319,3650,1145,1472,1318,150,324,810,1237,2511,116,1644,1753,1728,3290,3163,3156,453,3256,3692,3099,1663,2238,1210,946,1752,1046,3155,2185,2933,1159,1222,97,3615,3754,3458,3357,3605,1766,3800,0
