0,5282,943,6361,895,3364,5889,3835,136,919,4471,700,2193,3004,4121,3394,4277,4470,3949,2312,1013,5888,542,5798,1045,2063,4537,397,6946,6665,6434,6729,692,6709,634,2523,5621,6232,6638,3550,1606,503,2947,6863,2724,1157,6418,644,5023,3227,5240,1186,4069,3080,6683,4446,4602,1565,4808,1372,5299,2152,4479,6070,6482,2047,5920,6161,6960,6196,4574,5977,6987,6457,5678,2439,604,3092,452,6398,2639,6676,5734,1928,4224,181,1946,5142,2852,4007,3909,6817,3796,1636,5943,3927,1185,2553,5104,5519,6828,6660,1346,4098,5010,5409,4951,89,4325,982,2180,6236,5926,6017,4513,2130,5505,1683,3689,62
5282,0,3703,3607,3275,1608,5553,4445,5955,6130,1803,3552,1848,1088,1081,3261,3920,1046,4563,3114,6693,1834,3989,5842,5534,3311,4860,3980,1348,3511,580,5921,3583,795,5658,4597,5561,1865,1837,2011,4207,6375,1913,2298,3379,2932,661,5130,4380,1114,653,3406,830,1637,1431,780,2225,3081,5863,2794,4387,5567,667,4538,4456,3282,3017,5500,1428,482,5746,637,1861,572,2998,2882,6352,1275,5307,984,4136,6426,3285,2682,963,5025,6490,61,1231,4801,5730,969,1059,6649,114,2386,6741,2117,3374,5689,1570,6413,4473,510,797,241,5996,4769,1025,6465,1908,4884,5720,465,118,6357,309,2360,3392,5760
943,3703,0,4431,649,2747,4061,2079,1328,1246,3906,675,1166,1710,3219,3520,2350,3566,2188,2411,2121,3859,86,4041,766,2248,2737,591,6051,5026,5239,5280,98,5570,826,1079,3774,4314,5096,1651,318,1691,1154,5520,942,306,4866,429,3037,2223,4135,30,2258,2414,5222,2619,4191,1513,3170,231,3272,1220,3390,4093,4642,393,3847,4323,6078,4512,2992,4845,6088,5001,3559,2389,1604,2171,579,4716,1021,5336,3639,1657,2367,460,1856,3672,1435,2269,2485,5779,2892,2037,4437,3592,2179,2051,3009,3695,5531,5294,298,2435,3970,3573,3306,497,2454,1678,1254,4339,4132,4785,2991,1784,4217,851,1776,1296
6361,3607,4431,0,5484,5673,1444,2054,6582,6044,6283,5683,4485,3943,5462,6848,1353,5581,2048,6480,6818,833,5082,1885,5273,6512,1768,5794,3849,123,4750,1259,4955,4050,5770,3240,1647,962,1518,1852,3833,6700,2557,1489,2527,4681,2907,5331,1100,4735,5320,4140,2395,5499,2172,2158,6583,6038,2622,4271,889,4324,5083,456,175,3156,100,1198,3711,2832,2648,5290,2979,3277,174,6351,6591,4914,5619,2261,2875,2020,133,5836,2114,5737,5805,4115,3646,2164,3118,4319,5219,6358,3910,6524,6767,5661,559,1918,2392,2016,4216,2865,5479,2632,2680,5887,1982,6464,4702,593,1639,4999,3465,5455,4842,4784,1643,6601
895,3275,649,5484,0,1571,5560,3499,1521,2199,2629,12,571,1242,2192,1997,3649,2537,3612,971,2712,4411,403,5590,1904,831,4220,99,5849,5846,4603,6447,208,5213,1712,2535,5351,4846,5446,2353,1585,2100,1675,5870,2153,127,4745,1350,4398,1382,3198,686,2428,1276,5406,2810,2812,289,4820,331,4639,2702,2525,5412,5809,1452,4813,5743,5915,4406,4585,3992,6125,4770,4544,989,2165,1253,1341,4832,2413,6522,4699,440,2631,947,3133,3113,1170,3756,4088,5440,1907,3098,4006,2201,2885,862,4153,5281,5636,6508,1526,2336,2981,3516,4989,652,2745,2499,543,5659,5632,4044,2630,3151,3422,207,3001,1291
3364,1608,2747,5673,1571,0,6499,5118,4196,4983,326,1755,744,732,141,772,4896,287,5228,671,5555,4028,2681,6603,4502,876,5676,2176,3951,5785,2331,6882,2296,3147,4384,4543,6440,4233,4444,2867,3698,4879,2292,5015,3604,1684,3155,3934,5572,189,872,2624,2008,39,4128,2271,552,911,6363,1817,5681,5134,423,6090,6227,3111,4998,6553,4082,2916,6244,1559,4632,3019,4854,504,4956,147,3981,3515,4215,6988,5131,605,2282,3489,5825,1238,1029,5432,6022,3257,94,5886,2070,294,5710,171,4882,6473,4303,6980,3812,1577,657,2326,6483,3122,2431,5338,641,6311,6586,1697,1247,5790,1215,1016,4197,3875
5889,5553,4061,1444,5560,6499,0,929,5992,4817,6939,5670,5180,4970,6509,7048,798,6616,843,6778,6034,2857,4631,57,4063,6757,420,5629,6252,2093,6571,407,4704,6269,4679,2118,36,3165,3991,2558,3032,6001,3121,4025,2116,4786,5269,4334,332,5815,6609,3840,3720,6308,4637,3654,7032,6309,601,4351,274,2845,6374,388,865,2843,1628,49,6182,5117,679,6727,5602,5625,1497,6720,5756,5904,4667,4610,1996,365,1232,6266,3459,5036,4137,5882,4558,801,1223,6475,6310,4964,5951,6969,5861,6291,972,92,4942,351,3293,4304,6640,4570,592,5374,3353,5387,5400,316,10,6595,5159,3681,6442,5217,1351,6135
3835,4445,2079,2054,3499,5118,929,0,4010,2902,6116,3605,3318,3304,5256,6306,139,5550,2,5424,4185,2638,2623,914,2175,5364,105,3546,5924,2730,5947,2009,2699,5742,2738,484,735,3045,3939,1307,1167,4075,1627,4159,521,2824,4686,2374,347,4209,5675,1914,2577,4756,4420,2656,6396,4499,509,2453,565,1196,5163,1217,1851,1056,1801,1173,5875,4425,398,6008,5492,5038,1554,5333,3810,4266,2687,4208,358,1984,1421,4475,2423,2957,2516,4736,2949,27,411,6023,4927,3196,5105,6131,4046,4625,805,684,4751,1962,1411,3062,5667,3708,628,3253,2371,3439,3530,1362,1002,5833,3898,2131,5486,3278,230,4150
136,5955,1328,6582,1521,4196,5992,4010,0,600,5328,1320,2897,3717,4943,4187,4523,5324,4095,3044,430,6295,940,5868,907,2783,4674,967,7075,6866,6826,6806,1193,6963,457,2626,5718,6572,6894,4083,1796,95,3476,7006,3030,1766,6777,664,5223,4027,5974,1621,4701,3865,6935,5133,5454,2284,4799,1968,5528,2049,5322,6248,6618,2415,6249,6261,7085,6608,4572,6525,7093,6821,6042,3157,161,3864,419,6747,2820,6724,6079,2658,4869,313,1520,5832,3524,4123,3869,7014,4594,1132,6489,4728,631,3281,5445,5578,6999,6706,1493,4800,5754,6010,4939,344,4960,515,2895,6395,6021,6548,5272,1787,6177,2380,4021,44
919,6130,1246,6044,2199,4983,4817,2902,600,0,6083,2074,3307,4055,5594,5375,3521,5916,2968,4127,384,5944,1141,4575,152,3876,3478,1696,7080,6497,6921,6087,1480,6991,68,1599,4450,6300,6763,3635,1131,389,3237,6903,2321,2129,6755,262,4126,4545,6383,1494,4579,4586,6867,4965,6231,3193,3375,2143,4417,867,5816,5368,5984,1905,5630,5204,7084,6596,3210,6766,7071,6833,5380,4198,216,4434,202,6654,1917,5830,5354,3496,4651,514,337,6108,3742,2945,2528,7041,5248,193,6589,5693,319,4107,4534,4262,6954,5806,829,4849,6247,5980,3506,845,4729,81,3370,5529,4811,6752,5481,534,6459,2863,3160,842
4471,1803,3906,6283,2629,326,6939,6116,5328,6083,0,2807,1719,1560,217,794,5893,179,6207,1211,6441,4638,3814,6986,5700,1491,6494,3214,3828,6317,2043,7072,3384,3014,5592,5716,6908,4794,4872,3816,4930,5925,3264,5388,4774,2790,3294,5160,6382,844,627,3759,2755,575,4377,2954,56,1765,6900,2920,6451,6199,481,6644,6714,4272,5728,6955,3997,3126,6860,1169,4717,3079,5642,1073,6018,818,5185,3806,5415,7111,5906,1405,3024,4665,6642,1354,1929,6337,6739,3057,377,6666,2066,148,6555,894,5764,6936,4500,7108,5058,2234,386,2718,6950,4253,3148,6299,1590,6816,6973,1381,1688,6622,1069,2032,5279,4971
700,3552,675,5683,12,1755,5670,3605,1320,2074,2807,0,761,1481,2420,2069,3818,2757,3750,1028,2511,4694,375,5696,1811,852,4340,53,6101,6071,4913,6534,221,5508,1589,2603,5478,5127,5687,2587,1622,1895,1896,6107,2279,206,5064,1270,4567,1615,3428,758,2684,1460,5654,3063,2956,342,4909,462,4847,2686,2766,5583,5990,1579,5061,5898,6156,4713,4678,4258,6315,5093,4798,1057,1975,1465,1230,5138,2496,6594,4946,554,2876,816,3027,3352,1404,3884,4151,5688,2124,2946,4284,2347,2698,1024,4348,5419,5901,6580,1539,2612,3199,3807,5085,516,2999,2318,724,5818,5755,4300,2886,3084,3704,370,3158,1094
2193,1848,1166,4485,571,744,5180,3318,2897,3307,1719,761,0,178,1104,1829,3236,1383,3452,1048,4085,3182,1209,5345,2828,1092,3982,1078,4310,4818,3097,6056,891,3599,2811,2770,5030,3503,4012,1532,1989,3442,946,4503,1980,380,3202,2322,3957,341,1909,1042,1204,499,3895,1542,2017,618,4793,404,4129,3268,1266,4711,5062,1443,3787,5339,4375,2910,4587,2591,4657,3209,3584,917,3466,285,2430,3300,2471,6280,3801,415,1420,2068,4124,1689,185,3621,4261,3834,811,4269,2502,1598,4234,378,3396,5055,4149,6268,2102,1055,1730,2106,4973,1779,1553,3731,8,5057,5340,2598,1222,4052,2056,70,2601,2674
3004,1088,1710,3943,1242,732,4970,3304,3717,4055,1560,1481,178,0,802,2166,3090,1054,3438,1530,4917,2505,1882,5186,3397,1662,3897,1830,3368,4152,2313,5744,1511,2775,3471,3005,4867,2784,3163,1236,2381,4302,775,3661,2046,941,2354,2963,3728,166,1342,1490,651,563,3028,908,1953,1221,4830,864,3863,3700,807,4332,4550,1671,3230,5073,3446,2077,4633,1925,3739,2364,3088,1368,4296,204,3107,2488,2644,6128,3299,945,850,2800,4720,997,42,3628,4390,2971,578,4972,1695,1669,5049,681,3061,4932,3246,6109,2580,413,1250,1304,5003,2565,978,4483,222,4646,5154,1887,557,4576,1379,502,2472,3493
4121,1081,3219,5462,2192,141,6509,5256,4943,5594,217,2420,1104,802,0,1228,4962,40,5405,1278,6149,3643,3233,6624,5110,1517,5766,2838,3204,5514,1605,6857,2850,2451,5046,4902,6468,3798,3936,2864,4131,5586,2391,4432,3857,2190,2560,4508,5589,256,314,3060,1821,238,3518,2024,519,1558,6485,2251,5666,5565,79,6003,6097,3391,4740,6540,3321,2337,6377,899,3964,2375,4617,1101,5623,284,4581,2965,4491,6984,4940,1174,2086,4161,6272,705,1122,5584,6219,2544,37,6348,1407,526,6271,648,4789,6515,3669,6979,4291,1335,162,1860,6563,3767,2204,5919,1022,6245,6600,1027,882,6221,630,1461,4294,4599
3394,3261,3520,6848,1997,772,7048,6306,4187,5375,794,2069,1829,2166,1228,0,6262,1361,6404,338,5585,5843,3232,7065,5144,496,6685,2421,5643,6895,3791,7125,2906,4833,4835,5677,7018,6048,6218,4465,4683,4888,3763,6549,5007,2467,4986,4460,6671,1470,2127,3504,3707,868,5932,4048,645,1032,6962,2763,6762,5942,1740,6952,7007,4306,6496,7063,5767,4723,6911,2856,6281,4779,6400,336,5066,1321,4399,5414,5473,7135,6546,892,4024,3855,6277,2837,2457,6500,6759,4905,1256,6188,3683,240,5811,768,6349,7021,6082,7133,4693,3256,1804,4117,6998,3343,4169,5563,1641,7016,7066,3082,2928,6320,2654,1859,5691,3778
4277,3920,2350,1353,3649,4896,798,139,4523,3521,5893,3818,3236,3090,4962,6262,0,5210,153,5423,4864,1931,2914,935,2759,5399,176,3821,5263,1994,5447,1690,2923,5141,3276,948,694,2314,3153,965,1561,4654,1390,3333,621,2918,4005,2871,119,3960,5275,2136,2111,4559,3662,2140,6233,4556,860,2534,211,1835,4763,756,1260,1199,1120,949,5199,3754,788,5576,4692,4326,902,5295,4419,4058,3185,3461,691,1864,789,4469,1940,3381,3208,4247,2728,224,974,5441,4605,3929,4466,5976,4712,4531,266,753,3984,1840,1881,2634,5319,3119,980,3655,1857,4130,3429,926,913,5382,3403,2842,5012,3274,97,4622
4470,1046,3566,5581,2537,287,6616,5550,5324,5916,179,2757,1383,1054,40,1361,5210,0,5651,1515,6401,3730,3586,6756,5469,1792,6011,3172,3039,5591,1385,6907,3190,2255,5421,5226,6590,3858,3922,3096,4458,5908,2651,4416,4170,2533,2478,4911,5781,477,165,3371,1986,471,3454,2159,445,1876,6611,2606,5871,5855,63,6160,6209,3734,4898,6635,3175,2268,6550,677,3836,2249,4805,1323,5957,530,4997,2926,4843,7031,5121,1466,2233,4525,6504,666,1367,5820,6430,2339,106,6567,1289,588,6510,898,5014,6628,3587,7025,4629,1479,66,1880,6712,4160,2365,6220,1301,6379,6730,803,936,6460,468,1785,4546,5017
3949,4563,2188,2048,3612,5228,843,2,4095,2968,6207,3750,3452,3438,5405,6404,153,5651,0,5552,4254,2693,2727,817,2226,5489,84,3678,6000,2732,6052,1941,2813,5827,2814,551,663,3106,3996,1401,1252,4146,1738,4204,614,2935,4792,2466,320,4333,5778,2022,2677,4907,4494,2764,6488,4628,406,2581,531,1229,5284,1177,1810,1151,1828,1111,5940,4529,328,6106,5558,5140,1591,5461,3893,4383,2776,4289,424,1874,1432,4612,2522,3051,2543,4876,3078,7,371,6099,5069,3234,5195,6225,4090,4775,825,609,4838,1846,1504,3169,5776,3811,538,3346,2475,3509,3668,1305,900,5939,4026,2151,5593,3407,293,4255
2312,3114,2411,6480,971,671,6778,5424,3044,4127,1211,1028,1048,1530,1278,338,5423,1515,5552,0,4395,5302,2107,6831,3882,25,6026,1319,5648,6604,3979,7045,1793,4874,3575,4507,6686,5579,5896,3585,3491,3702,2889,6285,3896,1399,4780,3249,6075,1103,2323,2418,3085,597,5669,3415,1216,200,6501,1721,6205,4783,1763,6584,6751,3192,5959,6852,5747,4482,6386,3120,6185,4645,5789,11,3850,924,3195,5116,4307,7086,5985,170,3336,2694,5212,2744,1737,5674,6077,5011,1162,5109,3644,682,4647,269,5631,6678,5853,7082,3477,2753,2028,3745,6587,2220,3494,4327,878,6742,6837,3259,2625,5274,2769,951,4677,2704
1013,6693,2121,6818,2712,5555,6034,4185,430,384,6441,2511,4085,4917,6149,5585,4864,6401,4254,4395,0,6731,1816,5821,977,4119,4812,2084,7134,6996,7087,6834,2177,7112,613,2791,5727,6904,7067,4865,2203,96,4346,7103,3501,2844,7049,1026,5458,5306,6774,2424,5662,5208,7092,5986,6518,3554,4635,2953,5723,1949,6376,6433,6798,3002,6577,6312,7136,6985,4443,7003,7137,7062,6423,4524,83,5168,799,7022,3110,6675,6407,3959,5741,992,987,6631,4649,4222,3701,7127,5878,438,6961,6055,34,4618,5814,5554,7106,6656,1867,5804,6650,6652,4754,1208,5817,108,4114,6523,6019,7005,6257,1302,6859,3526,4424,698
5888,1834,3859,833,4411,4028,2857,2638,6295,5944,4638,4694,3182,2505,3643,5843,1931,3730,2693,5302,6731,0,4385,3254,5183,5439,2669,4957,2189,743,2835,2970,4173,2218,5588,3434,2966,54,417,1155,3640,6531,1685,642,2416,3719,1206,5042,2036,3132,3360,3519,1041,3873,781,755,5164,4837,3687,3332,1937,4562,3216,1761,1538,2808,446,2705,2096,1115,3631,3297,1601,1533,524,5111,6454,3289,5347,716,2993,3722,738,4504,808,5303,5997,2276,2329,2859,3931,2510,3447,6428,2059,5143,6715,4177,1095,3189,1018,3713,4047,1340,3545,932,3805,5337,703,6387,3341,2018,3074,3035,1774,5695,2908,3558,1805,6265
542,3989,86,5082,403,2681,4631,2623,940,1141,3814,375,1209,1882,3233,3232,2914,3586,2727,2107,1816,4385,0,4598,790,1947,3273,235,6294,5597,5482,5839,47,5829,701,1499,4370,4863,5574,2147,665,1326,1572,5954,1427,283,5234,381,3597,2291,4230,173,2660,2342,5655,3018,4068,1249,3699,345,3894,1505,3483,4706,5293,814,4435,4950,6329,4925,3485,4988,6385,5360,4181,2132,1295,2191,414,5176,1482,5862,4265,1441,2793,210,1915,3902,1660,2815,2939,6058,2911,1959,4727,3417,1939,1933,3580,4285,5918,5826,569,2752,4040,3977,3860,169,2873,1467,1265,4991,4721,4976,3235,1936,4365,819,2344,866
5798,5842,4041,1885,5590,6603,57,914,5868,4575,6986,5696,5345,5186,6624,7065,935,6756,817,6831,5821,3254,4598,0,3877,6810,408,5624,6527,2552,6760,643,4710,6529,4505,2013,32,3588,4433,2787,2969,5828,3287,4474,2170,4862,5663,4210,507,6007,6768,3848,4037,6448,5137,3998,7060,6372,349,4413,512,2641,6538,723,1243,2870,2040,164,6481,5513,453,6871,6013,5995,1892,6784,5596,6081,4528,5086,1966,373,1618,6342,3771,4922,3846,6151,4782,749,1005,6679,6477,4655,6239,7012,5640,6408,1261,29,5410,357,3207,4588,6800,4974,322,5289,3685,5156,5541,646,15,6770,5465,3380,6605,5350,1487,6037
1045,5534,766,5273,1904,4502,4063,2175,907,152,5700,1811,2828,3397,5110,5144,2759,5469,2226,3882,977,5183,790,3877,0,3650,2773,1498,6941,5891,6637,5425,1112,6773,91,931,3723,5622,6298,2862,523,863,2520,6537,1567,1667,6334,90,3302,4019,5952,944,3826,4138,6484,4168,5923,2937,2786,1607,3600,402,5304,4514,5229,1190,4815,4407,6942,6123,2600,6455,6917,6453,4484,3915,678,3928,138,6190,1179,5188,4459,3177,3880,412,405,5544,3125,2222,1944,6878,4714,570,6162,5383,903,3690,3694,3527,6626,5162,272,4094,5803,5296,2891,779,3938,478,2905,4703,4071,6425,4766,427,6027,2419,2388,1118
2063,3311,2248,6512,831,876,6757,5364,2783,3876,1491,852,1092,1662,1517,496,5399,1792,5489,25,4119,5439,1947,6810,3650,0,5965,1137,5881,6651,4267,7046,1652,5150,3329,4386,6659,5697,6057,3618,3348,3393,2915,6421,3830,1313,5033,3046,6060,1257,2613,2289,3194,769,5850,3549,1492,145,6456,1646,6202,4591,2030,6593,6772,3129,6035,6846,5978,4719,6323,3373,6338,4924,5854,64,3553,1093,2987,5308,4213,7081,6040,177,3455,2469,4990,2985,1831,5607,5964,5270,1388,4834,3916,915,4363,392,5660,6646,6041,7078,3308,2893,2302,3958,6551,2004,3598,4073,923,6750,6825,3541,2818,5074,3026,927,4653,2429
4537,4860,2737,1768,4220,5676,420,105,4674,3478,6494,4340,3982,3897,5766,6685,176,6011,84,6026,4812,2669,3273,408,2773,5965,0,4292,6067,2473,6213,1397,3345,5953,3327,961,260,3058,3940,1699,1772,4718,2122,4096,1017,3464,4903,3008,137,4806,6089,2574,2940,5397,4492,2984,6716,5218,252,3095,248,1674,5639,820,1423,1633,1664,669,5987,4648,225,6305,5537,5237,1440,5927,4442,4878,3298,4335,848,1338,1262,5190,2767,3606,2976,5177,3486,71,491,6201,5490,3714,5429,6530,4606,5311,727,232,4826,1317,2044,3453,6105,4016,339,3976,2697,4072,4189,906,474,6174,4321,2578,5858,3967,522,4871
397,3980,591,5794,99,2176,5629,3546,967,1696,3214,53,1078,1830,2838,2421,3821,3172,3678,1319,2084,4957,235,5624,1498,1137,4292,0,6369,6191,5357,6533,182,5856,1227,2456,5422,5385,5937,2733,1468,1486,2073,6296,2262,334,5433,999,4566,2012,3900,714,2955,1872,5941,3323,3355,626,4758,586,4855,2444,3173,5610,6072,1556,5202,5880,6422,5120,4541,4696,6535,5472,4944,1377,1555,1870,920,5464,2412,6566,5076,857,3142,540,2670,3783,1727,3782,3978,6053,2547,2564,4691,2756,2263,1376,4421,5346,6178,6558,1347,2917,3634,4175,4936,229,3250,1935,1052,5852,5709,4744,3247,2751,4155,654,3181,748
6946,1348,6051,3849,5849,3951,6252,5924,7075,7080,3828,6101,4310,3368,3204,5643,5263,3039,6000,5648,7134,2189,6294,6527,6941,5881,6067,6369,0,3357,834,6238,6045,151,6993,6346,6335,1900,1267,3665,6242,7114,3885,1457,5329,5459,383,6841,5498,3436,2259,5759,2562,4060,704,2253,4249,5672,6733,5231,5393,6880,2659,5178,4772,5453,3441,6119,5,594,6697,1661,324,273,3578,5442,7109,3660,6905,696,5970,6738,3907,5257,2536,6840,7105,1648,3513,6169,6792,159,3267,7129,859,4590,7138,4595,4356,6491,585,6737,6471,2363,2597,1271,6796,6764,2513,7117,4378,5444,6405,1393,1971,7090,1734,4897,4981,7050
6665,3511,5026,123,5846,5785,2093,2730,6866,6497,6317,6071,4818,4152,5514,6895,1994,5591,2732,6604,6996,743,5597,2552,5891,6651,2473,6191,3357,0,4457,1732,5463,3647,6282,3946,2310,730,1126,2214,4454,6938,2913,1009,3102,5157,2605,5895,1735,4906,5224,4670,2539,5635,1741,2228,6602,6275,3305,4708,1503,5072,5088,991,535,3716,278,1795,3225,2561,3335,5125,2459,2977,466,6506,6881,5101,6164,1955,3510,2584,486,6096,2244,6224,6362,4034,3912,2854,3853,3932,5318,6745,3682,6579,6975,5864,1066,2607,1932,2586,4875,2960,5436,2515,3365,6303,2119,6807,5029,1102,2286,4788,3467,6085,4690,5161,2219,6872
6434,580,5239,4750,4603,2331,6571,5947,6826,6921,2043,4913,3097,2313,1605,3791,5447,1385,6052,3979,7087,2835,5482,6760,6637,4267,6213,5357,834,4457,0,6721,5092,280,6713,6126,6592,2711,2362,3433,5757,6982,3349,2749,5013,4328,841,6412,5797,2088,695,4977,2157,2493,1754,2035,2394,4182,6823,4231,5768,6674,1136,5802,5626,4893,4184,6521,988,846,6765,218,1711,577,4219,3724,6981,2254,6507,1398,5704,6972,4539,3715,2260,6293,7044,558,2571,6203,6775,265,1745,7088,180,2788,7096,3049,4787,6690,1744,6968,6005,1743,966,1124,6874,6122,2309,7024,3115,6074,6677,115,1105,7011,353,3619,4966,6707
6729,5921,5280,1259,6447,6882,407,2009,6806,6087,7072,6534,6056,5744,6857,7125,1690,6907,1941,7045,6834,2970,5839,643,5425,7046,1397,6533,6238,1732,6721,0,5867,6350,5971,3314,659,3168,3856,3291,4290,6820,4004,3744,3183,5857,5407,5653,1068,6431,6873,5065,4341,6791,4568,4200,7107,6868,1620,5487,875,4157,6728,476,587,3974,1694,195,6148,5277,1746,6887,5456,5750,1676,7020,6682,6495,5945,4680,3167,199,1392,6827,4074,6195,5524,6263,5449,1910,2426,6528,6736,6197,6210,7098,6746,6812,1438,832,4831,201,4582,4941,6897,4952,1587,6406,3944,6472,6206,267,447,6801,5671,5077,6689,6144,2301,6865
692,3583,98,4955,208,2296,4704,2699,1193,1480,3384,221,891,1511,2850,2906,2923,3190,2813,1793,2177,4173,47,4710,1112,1652,3345,182,6045,5463,5092,5867,0,5515,1035,1658,4448,4580,5315,1977,786,1653,1366,5725,1429,107,4900,670,3620,1919,3803,158,2370,1972,5392,2740,3642,1000,3868,163,3901,1773,3099,4675,5225,804,4311,5005,6084,4548,3651,4542,6172,4993,4062,1799,1634,1808,707,4859,1584,5930,4156,1143,2518,442,2264,3488,1325,2903,3136,5711,2530,2327,4330,3067,2288,1557,3514,4376,5646,5910,741,2440,3590,3601,4038,317,2617,1841,933,4978,4821,4536,2883,2256,3968,544,2320,1086
6709,795,5570,4050,5213,3147,6269,5742,6963,6991,3014,5508,3599,2775,2451,4833,5141,2255,5827,4874,7112,2218,5829,6529,6773,5150,5953,5856,151,3647,280,6350,5515,0,6861,6117,6326,2027,1519,3326,5900,7061,3421,1844,4975,4824,296,6581,5448,2743,1509,5262,2148,3251,953,1926,3376,4945,6661,4607,5373,6723,1912,5251,4967,5020,3539,6175,215,401,6610,983,782,126,3615,4593,7057,2933,6688,757,5685,6799,3969,4464,2181,6559,7070,1011,2924,6025,6673,16,2529,7102,333,3752,7119,3823,4320,6476,887,6794,6157,1873,1813,937,6740,6449,2182,7079,3675,5545,6427,740,1371,7037,1043,4199,4737,6910
634,5658,826,5770,1712,4384,4679,2738,457,68,5592,1589,2811,3471,5046,4835,3276,5421,2814,3575,613,5588,701,4505,91,3329,3327,1227,6993,6282,6713,5971,1035,6861,0,1413,4358,5994,6545,3215,837,426,2805,6743,2003,1619,6498,75,3923,3995,5960,1072,4099,4049,6641,4438,5765,2703,3361,1645,4228,854,5301,5152,5769,1510,5344,5094,7000,6288,3187,6487,6992,6574,5041,3641,286,3886,46,6399,1672,5780,5039,2986,4178,190,620,5617,3211,2821,2524,6934,4660,537,6267,5173,610,3532,4257,4188,6809,5751,583,4299,5784,5547,3498,493,4250,228,2861,5353,4698,6470,4934,736,6080,2343,2878,660
2523,4597,1079,3240,2535,4543,2118,484,2626,1599,5716,2603,2770,3005,4902,5677,948,5226,551,4507,2791,3434,1499,2013,931,4386,961,2456,6346,3946,6126,3314,1658,6117,1413,0,1847,3933,4836,1547,245,2665,1522,5153,343,1961,5233,1121,1410,3772,5568,1020,2748,4194,5215,2951,6039,3551,1158,1656,1692,271,4926,2504,3145,495,2880,2450,6330,4954,1010,6016,6146,5501,2616,4452,2446,3770,1384,4883,58,3203,2554,3626,2689,1687,1355,4778,2647,564,602,6313,4515,1965,5335,5605,2662,3950,1824,1716,5538,3174,382,3141,5495,4086,1281,2014,2692,2126,2921,2671,2155,5899,3947,1075,5477,2579,739,2782
5621,5561,3774,1647,5351,6440,36,735,5718,4450,6908,5478,5030,4867,6468,7018,694,6590,663,6686,5727,2966,4370,32,3723,6659,260,5422,6335,2310,6592,659,4448,6326,4358,1847,0,3286,4148,2479,2781,5712,3000,4205,1934,4553,5379,4051,282,5717,6597,3589,3680,6228,4810,3645,7013,6184,359,4158,291,2531,6333,561,1090,2633,1757,129,6264,5182,436,6726,5738,5702,1611,6620,5483,5792,4355,4734,1749,528,1345,6147,3435,4709,3784,5872,4439,612,958,6519,6254,4584,5979,6943,5571,6200,1012,22,5108,501,3033,4273,6613,4600,354,5097,3340,5050,5227,508,33,6598,5135,3328,6435,5053,1224,5885
6232,1865,4314,962,4846,4233,3165,3045,6572,6300,4794,5127,3503,2784,3798,6048,2314,3858,3106,5579,6904,54,4863,3588,5622,5697,3058,5385,1900,730,2711,3168,4580,2027,5994,3933,3286,0,172,1527,4133,6761,2075,321,2848,4134,1051,5504,2400,3331,3411,3983,1279,4110,520,981,5292,5174,4108,3757,2246,5081,3315,2021,1717,3226,650,2980,1781,998,4077,3271,1241,1365,750,5386,6696,3535,5745,546,3418,3993,990,4852,1082,5715,6344,2328,2642,3269,4362,2278,3632,6669,1991,5317,6896,4436,1409,3538,697,3988,4497,1563,3617,975,4221,5724,973,6633,3677,2243,3359,2994,1920,6112,2922,3945,2221,6544
6638,1837,5096,1518,5446,4444,3991,3939,6894,6763,4872,5687,4012,3163,3936,6218,3153,3922,3996,5896,7067,417,5574,4433,6298,6057,3940,5937,1267,1126,2362,3856,5315,1519,6545,4836,4148,172,0,2241,4984,6997,2734,60,3657,4765,699,6183,3212,3627,3337,4726,1736,4379,111,1375,5355,5611,5032,4409,3070,5902,3377,2760,2348,4053,1272,3736,1152,742,4995,3073,595,1015,1424,5694,6970,3851,6370,251,4317,4743,1682,5276,1545,6314,6819,2306,3093,4183,5309,1752,3824,6976,1771,5467,7064,4827,2206,4396,188,4742,5369,1916,3594,1039,5146,6290,1446,6959,4164,2972,4211,2771,2072,6639,2819,4462,3069,6876
3550,2011,1651,1852,2353,2867,2558,1307,4083,3635,3816,2587,1532,1236,2864,4465,965,3096,1401,3585,4865,1155,2147,2787,2862,3618,1699,2733,3665,2214,3433,3291,1977,3326,3215,1547,2479,1527,2241,0,1507,4430,122,2628,608,1668,2449,2700,1454,2005,3149,1357,449,2618,2503,562,4275,2943,2620,1311,1552,2509,2696,1995,2267,774,1268,2627,3636,2178,2495,3475,3420,2675,1087,3424,4305,2099,2959,2142,1139,3718,1212,2777,361,2931,3829,2240,957,1596,2463,3616,2593,4343,2599,4000,4853,2676,904,2573,2799,3696,1836,815,3171,1425,2772,2978,352,4235,1733,2283,2715,3290,1502,3525,2919,1739,548,4054
1606,4207,318,3833,1585,3698,3032,1167,1796,1131,4930,1622,1989,2381,4131,4683,1561,4458,1252,3491,2203,3640,665,2969,523,3348,1772,1468,6242,4454,5757,4290,786,5900,837,245,2781,4133,4984,1507,0,1970,1245,5367,433,1109,5113,492,2183,3050,4935,307,2492,3320,5250,2780,5242,2611,2098,890,2458,448,4229,3245,3890,192,3317,3310,6241,4767,1923,5542,6152,5298,3066,3451,1775,3020,712,4844,275,4232,3072,2709,2507,880,1294,4283,2045,1308,1402,6132,3753,1703,4949,4689,2167,3042,2373,2663,5569,4201,41,2795,4814,3861,2232,1123,2550,1625,2128,3448,3091,5457,3472,1127,4920,1723,1148,1903
503,6375,1691,6700,2100,4879,6001,4075,95,389,5925,1895,3442,4302,5586,4888,4654,5908,4146,3702,96,6531,1326,5828,863,3393,4718,1486,7114,6938,6982,6820,1653,7061,426,2665,5712,6761,6997,4430,1970,0,3905,7068,3229,2277,6947,759,5341,4627,6446,1987,5200,4510,7027,5575,6046,2904,4695,2448,5606,1956,5894,6331,6711,2673,6432,6278,7118,6854,4490,6835,7122,6967,6229,3825,21,4481,547,6919,2925,6699,6235,3270,5327,589,1200,6289,4089,4147,3751,7095,5264,731,6771,5438,205,3954,5608,5557,7073,6672,1629,5330,6276,6373,4840,726,5416,197,3463,6462,6009,6842,5786,1500,6560,2936,4206,239
2947,1913,1154,2557,1675,2292,3121,1627,3476,3237,3264,1896,946,775,2391,3763,1390,2651,1738,2889,4346,1685,1572,3287,2520,2915,2122,2073,3885,2913,3349,4004,1366,3421,2805,1522,3000,2075,2734,122,1245,3905,0,3140,623,1058,2649,2245,1998,1475,2831,893,439,2019,2879,668,3684,2229,2983,746,2141,2376,2287,2661,2974,553,1943,3217,3889,2351,2840,3242,3799,2825,1724,2762,3781,1536,2501,2460,1150,4353,1889,2083,464,2406,3561,2060,505,1927,2679,3712,2082,4020,2555,3344,4366,2031,1488,3054,3161,4329,1512,690,2806,1524,3134,2390,517,3775,1119,2944,3258,3124,1315,3322,2688,1108,855,3386
6863,2298,5520,1489,5870,5015,4025,4159,7006,6903,5388,6107,4503,3661,4432,6549,3333,4416,4204,6285,7103,642,5954,4474,6537,6421,4096,6296,1457,1009,2749,3744,5725,1844,6743,5153,4205,321,60,2628,5367,7068,3140,0,4018,5254,1038,6452,3312,4176,3843,5181,2184,4938,242,1802,5807,6076,5165,4916,3150,6159,3913,2761,2265,4410,1333,3733,1316,1113,5151,3492,639,1322,1523,6143,7051,4367,6599,566,4619,4664,1750,5748,1983,6573,6920,2785,3557,4368,5506,2057,4342,7047,2194,5917,7101,5358,2358,4468,299,4663,5698,2382,4116,1447,5243,6570,1868,7039,4662,2941,4238,3180,2556,6811,3255,5009,3303,6983
2724,3379,942,2527,2153,3604,2116,521,3030,2321,4774,2279,1980,2046,3857,5007,621,4170,614,3896,3501,2416,1427,2170,1567,3830,1017,2262,5329,3102,5013,3183,1429,4975,2003,343,1934,2848,3657,608,433,3229,623,4018,0,1476,3994,1531,1164,2839,4402,763,1630,3288,4017,1820,5187,3040,1617,1145,1373,1098,3809,2091,2637,132,2061,2340,5297,3691,1456,4915,5060,4244,1783,3790,3055,2860,1832,3622,113,3283,1797,3016,1566,1967,2338,3570,1686,710,1225,5260,3502,2872,4081,4747,3426,3159,1171,1894,4322,3260,693,2034,4364,2884,1759,2160,1568,2874,2162,2325,2205,4748,2802,2050,4281,1922,220,3089
1157,2932,306,4681,127,1684,4786,2824,1766,2129,2790,206,380,941,2190,2467,2918,2533,2935,1399,2844,3719,283,4862,1667,1313,3464,334,5459,5157,4328,5857,107,4824,1619,1961,4553,4134,4765,1668,1109,2277,1058,5254,1476,0,4242,1183,3624,1277,3105,268,1855,1359,4802,2210,3036,683,4109,48,3879,2242,2432,4583,5087,869,4039,5031,5516,3918,3914,3815,5647,4308,3766,1369,2272,1189,1264,4248,1770,6012,3930,733,2026,964,2896,2833,792,3071,3425,5068,1878,2996,3610,2500,2958,1047,3351,4519,5103,5981,1130,1850,2912,3023,4278,765,2137,2506,422,4904,4912,3808,2235,2855,3238,142,2285,1602
6418,661,4866,2907,4745,3155,5269,4686,6777,6755,3294,5064,3202,2354,2560,4986,4005,2478,4792,4780,7049,1206,5234,5663,6334,5033,4903,5433,383,2605,841,5407,4900,296,6498,5233,5379,1051,699,2449,5113,6947,2649,1038,3994,4242,0,6113,4276,2567,1845,4509,1394,3179,281,1133,3749,4661,5935,4001,4192,6180,2023,4080,3768,4120,2465,5132,374,23,5876,1473,525,43,2546,4530,6929,2768,6274,102,4715,6110,2847,4260,1363,6137,6885,1008,2433,5022,6002,489,2542,7001,431,3987,7052,3671,3186,5582,329,6103,5443,1274,2115,348,6063,6030,1332,6944,3292,4347,5502,1197,1064,6802,1312,3735,3666,6695
644,5130,429,5331,1350,3934,4334,2374,664,262,5160,1270,2322,2963,4508,4460,2871,4911,2466,3249,1026,5042,381,4210,90,3046,3008,999,6841,5895,6412,5653,670,6581,75,1121,4051,5504,6183,2700,492,759,2245,6452,1531,1183,6113,0,3495,3456,5510,640,3505,3544,6316,3874,5395,2356,3143,1175,3793,745,4760,4676,5376,1071,4803,4687,6851,5838,2952,6121,6839,6222,4478,3279,636,3358,31,5967,1285,5533,4495,2615,3576,124,828,5106,2701,2489,2311,6718,4172,883,5812,4738,1037,3127,3747,3878,6517,5503,253,3710,5332,4961,3265,360,3653,611,2409,4918,4360,6091,4337,881,5598,1897,2442,778
5023,4380,3037,1100,4398,5572,332,347,5223,4126,6382,4567,3957,3728,5589,6671,119,5781,320,6075,5458,2036,3597,507,3302,6060,137,4566,5498,1735,5797,1068,3620,5448,3923,1410,282,2400,3212,1454,2183,5341,1998,3312,1164,3624,4276,3495,0,4613,5787,2827,2614,5283,3792,2583,6614,5352,720,3222,18,2293,5396,330,821,1849,1033,409,5413,4076,709,6004,4823,4621,840,5956,5095,4722,3837,3679,1195,1235,673,5235,2387,4104,3663,4757,3338,364,1080,5701,5287,4418,4921,6479,5313,5266,259,385,4101,1210,2491,3137,5840,3479,787,4371,2299,4705,4174,435,434,5796,3953,3241,5525,4032,480,5363
3227,1114,2223,4735,1382,189,5815,4209,4027,4545,844,1615,341,166,256,1470,3960,477,4333,1103,5306,3132,2291,6007,4019,1257,4806,2012,3436,4906,2088,6431,1919,2743,3995,3772,5717,3331,3627,2005,3050,4627,1475,4176,2839,1277,2567,3456,4613,0,886,2065,1187,121,3362,1451,1168,1050,5680,1306,4752,4423,369,5221,5427,2401,4033,5897,3543,2297,5546,1506,4013,2483,3883,909,4671,9,3556,2829,3402,6655,4142,706,1434,3176,5381,856,366,4526,5278,2899,110,5522,1640,952,5470,311,3908,5773,3572,6643,3201,835,734,1624,5823,2866,1576,4985,300,5551,5963,1535,674,5267,1070,680,3280,3732
5240,653,4135,5320,3198,872,6609,5675,5974,6383,627,3428,1909,1342,314,2127,5275,165,5778,2323,6774,3360,4230,6768,5952,2613,6089,3900,2259,5224,695,6873,3803,1509,5960,5568,6597,3411,3337,3149,4935,6446,2831,3843,4402,3105,1845,5510,5787,886,0,3911,1938,1061,2868,1993,918,2635,6702,3108,5831,6204,112,6062,6047,4106,4615,6606,2425,1702,6617,155,3109,1603,4565,2110,6466,1004,5601,2361,5149,7017,4910,2197,2149,5209,6786,308,1666,5962,6561,1564,473,6862,722,1192,6844,1562,4919,6658,2950,7015,5155,1408,35,1472,6788,4880,2238,6607,1858,6279,6722,226,773,6725,85,2379,4658,5722
1186,3406,30,4140,686,2624,3840,1914,1621,1494,3759,758,1042,1490,3060,3504,2136,3371,2022,2418,2424,3519,173,3848,944,2289,2574,714,5759,4670,4977,5065,158,5262,1072,1020,3589,3983,4726,1357,307,1987,893,5181,763,268,4509,640,2827,2065,3911,0,1981,2270,4895,2307,4079,1540,3068,160,3059,1284,3205,3827,4361,236,3528,4112,5782,4203,2877,4564,5791,4644,3263,2372,1898,2007,784,4373,901,5147,3334,1635,2071,688,2052,3388,1218,2134,2422,5530,2726,2266,4165,3512,2470,1974,2746,3522,5197,5122,350,2144,3743,3266,3213,713,2146,1960,1142,4102,3942,4511,2721,1958,3971,771,1551,1583
4069,830,2258,2395,2428,2008,3720,2577,4701,4579,2755,2684,1204,651,1821,3707,2111,1986,2677,3085,5662,1041,2660,4037,3826,3194,2940,2955,2562,2539,2157,4341,2370,2148,4099,2748,3680,1279,1736,449,2492,5200,439,2184,1630,1855,1394,3505,2614,1187,1938,1981,0,1839,1742,45,3188,2668,3956,1582,2655,3670,1549,2934,3034,1632,1747,3727,2575,1147,3822,2187,2576,1544,1638,2890,5128,1324,3741,1286,2294,4931,1891,2377,17,3560,5006,1053,533,2869,3779,2417,1600,5431,1337,3053,5703,2076,1778,3817,2000,4908,2797,74,1985,475,4111,3468,51,5167,1349,3228,3925,2001,451,4733,1655,1593,1626,4561
3080,1637,2414,5499,1276,39,6308,4756,3865,4586,575,1460,499,563,238,868,4559,471,4907,597,5208,3873,2342,6448,4138,769,5397,1872,4060,5635,2493,6791,1972,3251,4049,4194,6228,4110,4379,2618,3320,4510,2019,4938,3288,1359,3179,3544,5283,121,1061,2270,1839,0,4103,2133,785,708,6136,1495,5437,4731,560,5869,6065,2789,4762,6388,4166,2927,5989,1756,4668,3075,4596,418,4577,76,3595,3484,3866,6927,4889,400,2113,3154,5521,1297,793,5107,5706,3367,144,5573,2150,488,5417,87,4578,6259,4297,6916,3431,1430,827,2273,6253,2803,2237,4968,387,6138,6429,1871,1207,5480,1364,725,3887,3537
6683,1431,5222,2172,5406,4128,4637,4420,6935,6867,4377,5654,3895,3028,3518,5932,3662,3454,4494,5669,7092,781,5655,5137,6484,5850,4492,5941,704,1741,1754,4568,5392,953,6641,5215,4810,520,111,2503,5250,7027,2879,242,4017,4802,281,6316,3792,3362,2868,4895,1742,4103,0,1391,4881,5485,5595,4467,3656,6194,2997,3366,3011,4295,1843,4415,625,367,5564,2514,223,529,1990,5475,7010,3581,6492,80,4688,5476,2247,5114,1613,6417,6923,1893,3012,4697,5771,1146,3445,7038,1273,5067,7094,4551,2754,5075,20,5474,5604,1788,3135,800,5692,6360,1516,7009,4042,3611,4894,2196,1777,6829,2308,4392,3480,6892
4446,780,2619,2158,2810,2271,3654,2656,5133,4965,2954,3063,1542,908,2024,4048,2140,2159,2764,3415,5986,755,3018,3998,4168,3549,2984,3323,2253,2228,2035,4200,2740,1926,4438,2951,3645,981,1375,562,2780,5575,668,1802,1820,2210,1133,3874,2583,1451,1993,2307,45,2133,1391,0,3382,3038,4023,1951,2602,3948,1706,2809,2841,1902,1514,3614,2250,896,3903,2173,2202,1300,1442,3224,5493,1614,4122,1001,2494,4829,1713,2735,13,3966,5300,1060,796,2948,3924,2185,1812,5707,1219,3296,6031,2405,1704,3804,1650,4809,3087,128,2092,295,4167,3881,19,5523,1707,3101,3872,1969,506,5045,1673,1964,1709,5000
4602,2225,4191,6583,2812,552,7032,6396,5454,6231,56,2956,2017,1953,519,645,6233,445,6488,1216,6518,5164,4068,7060,5923,1492,6716,3355,4249,6602,2394,7107,3642,3376,5765,6039,7013,5292,5355,4275,5242,6046,3684,5807,5187,3036,3749,5395,6614,1168,918,4079,3188,785,4881,3382,0,1888,7004,3206,6681,6416,809,6870,6898,4616,6150,7042,4393,3548,6964,1474,5184,3490,6073,1097,6139,1129,5411,4287,5736,7132,6270,1546,3462,4890,6782,1764,2300,6576,6884,3410,689,6779,2476,101,6619,1076,6168,7023,4996,7131,5362,2691,685,3166,7035,4401,3596,6436,1869,6957,7054,1725,2123,6769,1400,2290,5682,5098
1565,3081,1513,6038,289,911,6309,4499,2284,3193,1765,342,618,1221,1558,1032,4556,1876,4628,200,3554,4837,1249,6372,2937,145,5218,626,5672,6275,4182,6868,1000,4945,2703,3551,6184,5174,5611,2943,2611,2904,2229,6076,3040,683,4661,2356,5352,1050,2635,1540,2668,708,5485,3038,1888,0,5824,970,5548,3788,1988,6114,6378,2355,5428,6450,5752,4359,5656,3387,6102,4604,5203,212,3022,884,2315,4891,3363,6933,5408,52,2909,1833,4237,2804,1309,4804,5205,5129,1334,4139,3706,1280,3789,304,4933,6170,5690,6925,2585,2445,2352,3531,5972,1406,3047,3419,490,6322,6397,3508,2490,4286,2964,390,3867,1976
4808,5863,3170,2622,4820,6363,601,509,4799,3375,6900,4909,4793,4830,6485,6962,860,6611,406,6501,4635,3687,3699,349,2786,6456,252,4758,6733,3305,6823,1620,3868,6661,3361,1158,359,4108,5032,2620,2098,4695,2983,5165,1617,4109,5935,3143,720,5680,6702,3068,3956,6136,5595,4023,7004,5824,0,3726,873,1569,6414,1418,2105,2200,2604,905,6687,5733,6,6864,6392,6208,2384,6463,4391,5719,3423,5460,1226,1233,2161,5848,3758,3852,2667,6120,4388,292,186,6822,6256,3412,6304,6902,4404,6028,1580,198,5851,1201,2281,4486,6703,5124,4,4270,3697,3917,5016,1415,539,6776,5389,2239,6578,4682,1244,5037
1372,2794,231,4271,331,1817,4351,2453,1968,2143,2920,462,404,864,2251,2763,2534,2606,2581,1721,2953,3332,345,4413,1607,1646,3095,586,5231,4708,4231,5487,163,4607,1645,1656,4158,3757,4409,1311,890,2448,746,4916,1145,48,4001,1175,3222,1306,3108,160,1582,1495,4467,1951,3206,970,3726,0,3430,2058,2447,4171,4608,603,3591,4569,5286,3664,3529,3765,5404,4091,3342,1654,2410,1248,1293,3955,1450,5638,3487,994,1728,1062,2822,2725,676,2708,3128,4887,1950,2990,3470,2710,3048,1214,2967,4125,4773,5612,968,1631,2942,2796,3904,922,1826,2572,500,4440,4461,3737,2094,2739,3191,214,1906,1823
5299,4387,3272,889,4639,5681,274,565,5528,4417,6451,4847,4129,3863,5666,6762,211,5871,531,6205,5723,1937,3894,512,3600,6202,248,4855,5393,1503,5768,875,3901,5373,4228,1692,291,2246,3070,1552,2458,5606,2141,3150,1373,3879,4192,3793,18,4752,5831,3059,2655,5437,3656,2602,6681,5548,873,3430,0,2592,5471,167,619,2081,870,305,5285,4008,885,6024,4641,4549,718,6118,5398,4877,4141,3568,1437,1128,545,5450,2427,4381,3990,4791,3482,584,1288,5633,5403,4749,4901,6547,5600,5452,219,428,3952,1116,2774,3184,5905,3443,934,4656,2319,5052,4336,250,399,5800,3999,3540,5549,4225,635,5614
2152,5567,1220,4324,2702,5134,2845,1196,2049,867,6199,2686,3268,3700,5565,5942,1835,5855,1229,4783,1949,4562,1505,2641,402,4591,1674,2444,6880,5072,6674,4157,1773,6723,854,271,2531,5081,5902,2509,448,1956,2376,6159,1098,2242,6180,745,2293,4423,6204,1284,3670,4731,6194,3948,6416,3788,1569,2058,2592,0,5627,3404,4154,1065,3962,3200,6877,5929,1395,6568,6789,6332,3659,4771,1693,4389,954,5907,598,3854,3565,3975,3625,1336,527,5644,3313,1188,813,6850,5194,1049,6165,6015,1767,4374,2836,2332,6411,3820,372,4067,6129,5139,1679,1753,3658,1292,3400,3547,2834,6520,4858,276,6187,2973,1644,2274
4479,667,3390,5083,2525,423,6374,5163,5322,5816,481,2766,1266,807,79,1740,4763,63,5284,1763,6376,3216,3483,6538,5304,2030,5639,3173,2659,5088,1136,6728,3099,1912,5301,4926,6333,3315,3377,2696,4229,5894,2287,3913,3809,2432,2023,4760,5396,369,112,3205,1549,560,2997,1706,809,1988,6414,2447,5471,5627,0,5739,5788,3432,4354,6391,2792,1819,6302,555,3354,1842,4282,1550,5922,463,4886,2462,4477,6932,4571,1578,1794,4441,6402,325,1117,5488,6189,2002,109,6502,938,916,6486,1007,4496,6409,3130,6928,4403,1089,67,1403,6505,4118,1924,6167,1213,6033,6493,629,573,6325,247,1715,4143,5034
6070,4538,4093,456,5412,6090,388,1217,6248,5368,6644,5583,4711,4332,6003,6952,756,6160,1177,6584,6433,1761,4706,723,4514,6593,820,5610,5178,991,5802,476,4675,5251,5152,2504,561,2021,2760,1995,3245,6331,2661,2761,2091,4583,4080,4676,330,5221,6062,3827,2934,5869,3366,2809,6870,6114,1418,4171,167,3404,5739,0,125,2817,656,227,5063,3935,1478,6141,4316,4453,596,6511,6176,5366,5056,3395,2216,950,363,5993,2678,5271,4899,5004,4002,1234,2015,5562,5749,5634,4959,6785,6327,5933,376,767,3633,939,3579,3457,6140,3523,1462,5532,2569,5892,4947,24,549,5914,4246,4427,5699,4892,1203,6318
6482,4456,4642,175,5809,6227,865,1851,6618,5984,6714,5990,5062,4550,6097,7007,1260,6209,1810,6751,6798,1538,5293,1243,5229,6772,1423,6072,4772,535,5626,587,5225,4967,5769,3145,1090,1717,2348,2267,3890,6711,2974,2265,2637,5087,3768,5376,821,5427,6047,4361,3034,6065,3011,2841,6898,6378,2105,4608,619,4154,5788,125,0,3309,498,617,4620,3674,2169,6068,3839,4195,550,6663,6588,5566,5668,3123,2849,1240,346,6255,2765,5844,5615,4953,4251,1890,2729,5245,5884,6246,4797,6858,6732,6171,647,1331,3218,1239,4256,3542,6154,3399,2145,6043,2636,6424,5259,135,1031,5808,4264,5211,5650,5261,1708,6667
2047,3282,393,3156,1452,3111,2843,1056,2415,1905,4272,1579,1443,1671,3391,4306,1199,3734,1151,3192,3002,2808,814,2870,1190,3129,1633,1556,5453,3716,4893,3974,804,5020,1510,495,2633,3226,4053,774,192,2673,553,4410,132,869,4120,1071,1849,2401,4106,236,1632,2789,4295,1902,4616,2355,2200,603,2081,1065,3432,2817,3309,0,2646,3076,5451,3802,2041,4650,5316,4318,2378,3131,2526,2402,1299,3870,277,4078,2438,2369,1642,1343,2139,3372,1330,1255,1681,5288,3077,2568,4015,4162,2989,2590,1791,2589,4592,4059,379,1952,4022,2938,2366,1485,1680,2443,1610,3052,2930,4540,2645,1930,4057,1314,711,2434
5920,3017,3847,100,4813,4998,1628,1801,6249,5630,5728,5061,3787,3230,4740,6496,1120,4898,1828,5959,6577,446,4435,2040,4815,6035,1664,5202,3441,278,4184,1694,4311,3539,5344,2880,1757,650,1272,1268,3317,6432,1943,1333,2061,4039,2465,4803,1033,4033,4615,3528,1747,4762,1843,1514,6150,5428,2604,3591,870,3962,4354,656,498,2646,0,1433,3324,2335,2596,4634,2714,2830,14,5801,6287,4186,5145,1853,2481,2404,55,5189,1483,5216,5497,3440,2982,1979,2962,3842,4489,6086,3301,6061,6542,4979,327,2006,2085,2397,3709,2209,4781,2055,2683,5365,1356,6155,4014,836,1825,4350,2846,5119,4179,4087,1251,6260
6161,5500,4323,1198,5743,6553,49,1173,6261,5204,6955,5898,5339,5073,6540,7063,949,6635,1111,6852,6312,2705,4950,164,4407,6846,669,5880,6119,1795,6521,195,5005,6175,5094,2450,129,2980,3736,2627,3310,6278,3217,3733,2340,5031,5132,4687,409,5897,6606,4112,3727,6388,4415,3614,7042,6450,905,4569,305,3200,6391,227,617,3076,1433,0,6020,4958,1014,6698,5390,5511,1344,6805,6095,5983,5059,4429,2280,301,1099,6389,3450,5371,4547,5847,4666,1091,1595,6368,6356,5391,5879,6989,6193,6394,930,246,4685,288,3609,4312,6647,4480,897,5652,3339,5726,5543,149,77,6562,5148,4113,6419,5418,1508,6365
6960,1428,6078,3711,5915,4082,6182,5875,7085,7084,3997,6156,4375,3446,3321,5767,5199,3175,5940,5747,7136,2096,6329,6481,6942,5978,5987,6422,5,3225,988,6148,6084,215,7000,6330,6264,1781,1152,3636,6241,7118,3889,1316,5297,5516,374,6851,5413,3543,2425,5782,2575,4166,625,2250,4393,5752,6687,5286,5285,6877,2792,5063,4620,5451,3324,6020,0,599,6645,1815,213,310,3473,5556,7113,3761,6915,658,5948,6662,3785,5384,2532,6855,7104,1748,3567,6115,6754,237,3378,7130,960,4761,7140,4725,4279,6437,469,6657,6474,2407,2731,1283,6749,6795,2498,7120,4455,5312,6328,1534,2039,7089,1877,4969,4929,7053
