0,2613,210,463,2450,3154,317,2542,831,1902,2791,3036,1840,3346,829,3133,2638,2293,750,1575,167,797,1477,2352,1941,574,2123,3631,299,8,272,1922,1089,1066,2606,3333,2297,2268,2938,1796,5,337,195,2428,3230,2855,42,301,732,1115,1937,1206,263,106,267,2647,2891,127,90,2787,1870,1469,1597,3074,1093,3765,481,1955,714,2556,2411,2833,863,3228,2084,3127,1755,3540,897,1918,1995,2671,581,1204,3182,2621,1555,29
2613,0,2912,1665,570,315,2574,1384,1124,268,2398,1155,365,1439,1807,147,61,2752,3403,2127,3017,1728,2208,664,1550,3538,194,808,1803,2555,1938,905,2561,971,269,1453,97,1811,1889,611,2686,2049,3108,617,3288,44,2873,2423,1312,2678,1519,1347,3035,2729,2546,1295,1823,2797,2653,3190,249,3119,685,3483,1142,1622,3374,2009,2804,2,761,3308,1532,426,2997,443,665,1105,1035,653,1022,3103,3555,2812,3372,2031,1669,2737
210,2912,0,945,2927,3442,843,2462,1286,2215,2523,3032,2323,3324,1483,3383,2869,1845,243,1272,495,738,1176,2438,1792,367,2536,3711,679,280,726,2513,678,1263,3031,3317,2680,2880,3437,2353,204,858,47,2908,2858,3170,176,830,1252,667,2596,1854,643,513,98,2580,2761,535,510,2346,2220,890,1752,2597,1197,3782,145,2649,312,2861,2920,2382,1485,3381,1528,3446,2329,3586,1192,2050,2594,2227,599,702,2777,3200,1381,84
463,1665,945,0,1333,2226,352,2229,126,1057,2735,2578,825,2941,190,2260,1761,2478,1703,1661,708,776,1621,1742,1726,1579,1085,3107,46,399,38,852,1488,560,1542,2936,1257,1269,1989,746,508,53,1025,1301,3358,1923,668,234,50,1570,930,343,713,462,771,2274,2661,515,398,3009,994,2098,985,3315,696,3556,1413,1070,1324,1607,1288,3118,137,2530,2449,2162,703,3075,375,1303,909,2885,1484,1717,3350,1664,1431,627
2450,570,2927,1333,0,476,2103,2467,927,793,3252,2366,271,2674,1145,736,872,3388,3469,2776,2705,2160,2800,1680,2433,3444,247,1802,1608,2359,1632,166,2971,1331,99,2684,319,671,690,169,2491,1614,3030,3,3729,561,2703,1935,996,3085,520,663,2665,2399,2663,2422,2875,2452,2313,3665,689,3447,1318,3759,1605,2746,3351,886,3071,565,27,3710,948,1501,3491,333,188,2349,1221,1470,187,3611,3375,3204,3743,806,2405,2644
3154,315,3442,2226,476,0,2973,2262,1687,884,3137,1872,693,2124,2191,121,537,3426,3718,2911,3421,2539,2970,1446,2441,3744,502,804,2417,3097,2480,975,3263,1740,196,2146,395,1696,1492,824,3199,2527,3548,523,3699,138,3364,2836,1838,3355,1512,1640,3407,3186,3188,2154,2622,3231,3120,3669,839,3620,1476,3760,1951,1790,3698,1982,3422,345,631,3714,1929,755,3585,45,876,1527,1746,1454,1036,3618,3738,3449,3730,1774,2533,3276
317,2574,843,352,2103,2973,0,2962,752,1979,3300,3309,1667,3566,369,3063,2683,2959,1536,2286,203,1357,2223,2646,2485,1069,1954,3643,363,240,220,1459,1884,1329,2379,3563,2192,1556,2361,1487,318,129,740,2056,3646,2783,378,18,567,1930,1293,748,149,80,895,3038,3311,87,69,3400,1917,2351,1878,3592,1463,3785,1102,1214,1523,2518,1978,3439,494,3304,2823,2882,1409,3632,1104,2240,1497,3294,802,2062,3626,1926,2190,487
2542,1384,2462,2229,2467,2262,2962,0,1816,964,390,230,1741,437,2732,1769,1060,869,2719,634,3111,1051,739,261,183,3267,1690,1813,2110,2552,2328,2563,1304,988,2180,425,1609,3334,3535,2170,2607,2526,2753,2503,1275,1660,2772,2829,2111,1398,3068,2566,3196,2887,1999,15,101,2952,2816,1233,1095,1732,620,1662,821,1797,2929,3354,1847,1365,2654,1402,2495,1107,1277,2471,2217,989,1236,410,2695,1149,3459,1516,1404,3519,435,2519
831,1124,1286,126,927,1687,752,1816,0,584,2481,2139,419,2534,354,1691,1212,2373,2061,1511,1210,697,1502,1266,1414,2078,612,2626,213,757,276,589,1518,309,1067,2529,764,1196,1799,418,882,347,1412,914,3219,1366,1108,615,31,1627,837,293,1218,887,1007,1853,2316,954,809,2900,543,2187,598,3244,483,3208,1852,1088,1504,1071,937,3013,192,2000,2407,1647,405,2609,150,878,673,2785,2026,1781,3237,1571,1215,999
1902,268,2215,1057,793,884,1979,964,584,0,1866,1009,255,1376,1349,688,227,2122,2771,1358,2421,932,1406,382,913,3002,224,1392,1121,1839,1265,879,1768,344,597,1378,219,1814,2138,542,1967,1394,2427,828,2838,492,2221,1801,792,1904,1443,1032,2455,2112,1750,928,1416,2193,1998,2657,10,2419,157,3039,453,2095,2757,1888,2046,225,950,2794,1092,767,2356,1011,571,1352,404,211,1013,2521,3080,2085,2907,2129,944,2017
2791,2398,2523,2735,3252,3137,3300,390,2481,1866,0,841,2625,933,3253,2734,2052,350,2582,573,3296,1326,655,1024,428,3275,2598,2708,2559,2814,2774,3274,1177,1628,3033,912,2547,3712,3778,2934,2830,2966,2815,3279,432,2643,2948,3207,2712,1220,3584,3191,3409,3176,2128,474,207,3214,3128,468,1991,1330,1336,758,1369,2510,2906,3701,1735,2360,3379,592,3096,2071,719,3293,2967,1760,1893,1153,3371,416,3521,1251,547,3771,623,2707
3036,1155,3032,2578,2366,1872,3309,230,2139,1009,841,0,1753,71,2972,1342,789,1562,3290,1299,3470,1644,1419,292,677,3628,1613,1157,2517,3023,2718,2592,2074,1360,1953,70,1466,3369,3486,2205,3105,2883,3264,2415,1826,1308,3239,3193,2401,2188,3125,2739,3524,3289,2620,142,313,3353,3227,1911,1123,2488,867,2315,1256,1058,3432,3423,2543,1138,2565,2113,2745,590,2051,2186,2256,394,1615,580,2711,1817,3709,2285,2015,3520,1017,3048
1840,365,2323,825,271,693,1667,1741,419,255,2625,1753,0,2167,874,741,541,2750,2949,1997,2258,1325,2036,1019,1631,3018,35,1727,1010,1758,1090,295,2265,607,256,2174,104,1049,1317,67,1913,1148,2466,288,3418,504,2169,1499,545,2374,728,516,2250,1901,1949,1708,2255,1962,1795,3226,181,2843,609,3508,822,2560,2827,1140,2385,339,358,3338,651,1209,2897,672,94,1971,550,765,379,3135,2982,2520,3452,1300,1584,2035
3346,1439,3324,2941,2674,2124,3566,437,2534,1376,933,71,2167,0,3297,1567,1084,1770,3514,1639,3653,2067,1759,579,977,3737,1980,1164,2890,3336,3092,2909,2400,1785,2282,1,1824,3580,3638,2544,3395,3233,3512,2721,1867,1596,3497,3478,2782,2479,3397,3098,3694,3551,2953,341,392,3589,3496,2054,1505,2763,1254,2406,1688,853,3621,3615,2859,1429,2864,2234,3115,698,2280,2416,2601,310,2064,929,3029,1969,3777,2581,2087,3674,1348,3348
829,1807,1483,190,1145,2191,369,2732,354,1349,3253,2972,874,3297,0,2325,2010,3091,2283,2348,900,1391,2312,2233,2357,1960,1147,3217,393,731,286,591,2206,1038,1456,3295,1341,725,1425,656,865,178,1473,1101,3683,2011,1034,294,185,2271,500,117,833,635,1355,2766,3148,670,585,3488,1255,2722,1455,3664,1241,3658,1914,521,2004,1754,1033,3557,32,2764,3055,2033,604,3318,786,1794,610,3406,1724,2410,3679,1078,2117,1073
3133,147,3383,2260,736,121,3063,1769,1691,688,2734,1342,741,1567,2325,0,246,3155,3681,2629,3435,2342,2699,1041,2055,3732,527,470,2402,3078,2499,1237,3072,1554,386,1587,376,2109,1981,981,3181,2583,3499,794,3523,43,3345,2901,1896,3161,1851,1822,3436,3205,3083,1651,2164,3256,3145,3484,675,3485,1201,3673,1718,1306,3668,2338,3280,180,943,3577,2079,356,3390,306,1056,1018,1624,1119,1310,3416,3739,3271,3594,2237,2222,3229
2638,61,2869,1761,872,537,2683,1060,1212,227,2052,789,541,1084,2010,246,0,2472,3328,1860,3079,1599,1942,411,1246,3522,373,704,1858,2585,2023,1208,2393,896,540,1091,248,2184,2275,850,2700,2161,3086,919,3021,154,2888,2516,1441,2490,1844,1586,3113,2793,2474,952,1438,2852,2713,2921,250,2925,556,3272,1020,1374,3340,2319,2689,56,1096,3084,1720,253,2779,705,901,807,1012,464,1309,2818,3569,2652,3134,2389,1397,2731
2293,2752,1845,2478,3388,3426,2959,869,2373,2122,350,1562,2750,1770,3091,3155,2472,0,1756,289,2839,995,308,1458,555,2655,2795,3270,2248,2347,2453,3312,553,1552,3251,1748,2799,3703,3787,3012,2334,2675,2199,3405,454,2998,2418,2867,2538,562,3570,3116,2992,2738,1480,1023,819,2792,2697,151,2230,549,1482,412,1267,3221,2228,3680,1004,2709,3467,223,2915,2672,111,3527,3043,2551,1767,1403,3404,88,3050,552,420,3772,536,2147
750,3403,243,1703,3469,3718,1536,2719,2061,2771,2582,3290,2949,3514,2283,3681,3328,1756,0,1410,1005,1165,1292,2825,2099,387,3142,3788,1375,854,1451,3172,722,1877,3511,3501,3234,3461,3736,3003,734,1602,305,3460,2717,3573,642,1545,2041,661,3246,2616,1198,1120,433,2842,2924,1128,1133,2153,2789,650,2308,2333,1730,3805,136,3281,330,3359,3477,2148,2281,3637,1328,3725,2986,3719,1837,2514,3235,2045,801,628,2584,3639,1689,551
1575,2127,1272,1661,2776,2911,2286,634,1511,1358,573,1299,1997,1639,2348,2629,1860,289,1410,0,2238,349,11,939,199,2225,2092,2923,1393,1619,1643,2648,231,775,2642,1618,2118,3305,3601,2295,1630,1897,1611,2790,1117,2434,1751,2176,1709,302,2999,2375,2394,2072,873,769,815,2133,1987,718,1447,538,777,1109,554,3049,1747,3232,618,2076,2870,834,2173,2239,384,3059,2310,2301,947,788,2762,601,2568,361,1106,3533,78,1461
167,3017,495,708,2705,3421,203,3111,1210,2421,3296,3470,2258,3653,900,3435,3079,2839,1005,2238,0,1385,2145,2884,2576,488,2502,3757,602,158,507,2163,1674,1633,2910,3652,2693,2288,2987,2132,141,473,336,2676,3596,3215,100,273,1046,1692,2024,1373,21,48,684,3179,3392,33,75,3265,2380,2020,2207,3464,1695,3806,564,1928,1211,2961,2639,3299,1042,3567,2634,3368,2088,3731,1407,2498,2209,3173,300,1763,3561,2615,2231,237
797,1728,738,776,2160,2539,1357,1051,697,932,1326,1644,1325,2067,1391,2342,1599,995,1165,349,1385,0,325,974,522,1653,1481,2881,572,814,754,1880,335,270,2115,2053,1574,2604,3122,1537,855,968,1016,2172,2058,2081,1014,1224,848,406,2253,1468,1539,1193,388,1159,1395,1250,1126,1580,983,817,498,1994,148,3195,1258,2473,467,1672,2243,1697,1231,2202,986,2630,1543,2477,340,659,2012,1417,1920,533,2034,2930,264,762
1477,2208,1176,1621,2800,2970,2223,739,1502,1406,655,1419,2036,1759,2312,2699,1942,308,1292,11,2145,325,0,1053,275,2107,2131,3016,1354,1526,1589,2659,160,782,2685,1739,2178,3298,3606,2311,1530,1827,1495,2811,1170,2487,1655,2108,1693,214,2996,2354,2303,1964,780,875,917,2043,1907,742,1507,449,832,1118,563,3149,1634,3212,529,2149,2896,849,2140,2335,351,3112,2331,2414,946,866,2773,625,2464,282,1146,3529,114,1362
2352,664,2438,1742,1680,1446,2646,261,1266,382,1024,292,1019,579,2233,1041,411,1458,2825,939,2884,974,1053,0,413,3241,915,1279,1701,2337,1924,1834,1563,624,1340,577,844,2765,2994,1386,2426,2130,2696,1723,2093,893,2608,2476,1544,1686,2442,1944,2958,2645,1948,217,569,2714,2553,1957,466,2141,244,2403,578,1576,2935,2809,2006,641,1891,2158,1939,593,1828,1685,1449,785,818,76,1974,1833,3384,1825,2216,3004,595,2391
1941,1550,1792,1726,2433,2441,2485,183,1414,913,428,677,1631,977,2357,2055,1246,555,2099,199,2576,522,275,413,0,2726,1645,2314,1551,1958,1786,2404,699,636,2218,961,1629,3178,3465,1984,2013,2044,2143,2456,1225,1857,2201,2358,1677,796,2850,2269,2701,2376,1313,274,402,2444,2298,1008,1030,1136,459,1418,455,2432,2340,3152,1178,1503,2575,1168,2136,1529,826,2602,2025,1581,859,377,2524,877,2991,894,1289,3414,66,1898
574,3538,367,1579,3444,3744,1069,3267,2078,3002,3275,3628,3018,3737,1960,3732,3522,2655,387,2225,488,1653,2107,3241,2726,0,3213,3809,1316,644,1281,3077,1478,2213,3554,3733,3344,3243,3662,2985,534,1332,182,3433,3440,3651,372,1141,1946,1424,3028,2431,603,680,710,3362,3471,658,733,3001,2993,1535,2679,3183,2168,3824,85,2969,924,3495,3425,3008,2073,3746,2299,3741,2950,3791,2091,2917,3129,2904,139,1428,3363,3482,2367,446
2123,194,2536,1085,247,502,1954,1690,612,224,2598,1613,35,1980,1147,527,373,2795,3142,2092,2502,1481,2131,915,1645,3213,0,1442,1245,2042,1343,403,2397,717,146,1990,22,1195,1379,156,2204,1396,2698,279,3419,311,2413,1779,753,2492,888,709,2496,2200,2197,1636,2189,2264,2102,3254,159,2960,633,3539,923,2324,3047,1323,2541,172,383,3370,889,969,2968,509,198,1738,683,743,493,3162,3201,2662,3463,1423,1646,2291
3631,808,3711,3107,1802,804,3643,1813,2626,1392,2708,1157,1727,1164,3217,470,704,3270,3788,2923,3757,2881,3016,1279,2314,3809,1442,0,3180,3610,3287,2370,3408,2306,1305,1183,1232,3109,2964,2077,3656,3366,3754,1874,3481,669,3724,3581,2817,3480,2899,2845,3761,3696,3550,1656,2030,3713,3663,3515,1436,3671,1805,3686,2384,414,3794,3282,3608,857,2066,3599,3010,242,3537,1100,2150,456,2440,1578,2448,3462,3816,3559,3576,3192,2569,3672
299,1803,679,46,1608,2417,363,2110,213,1121,2559,2517,1010,2890,393,2402,1858,2248,1375,1393,602,572,1354,1701,1551,1316,1245,3180,0,238,24,1131,1191,506,1771,2886,1420,1606,2327,973,338,93,763,1591,3184,2104,499,258,165,1249,1239,566,646,381,518,2185,2522,424,323,2788,1082,1745,936,3121,596,3574,1156,1371,1028,1736,1592,2866,334,2595,2179,2383,938,3088,346,1260,1207,2666,1290,1388,3163,2007,1235,417
8,2555,280,399,2359,3097,240,2552,757,1839,2814,3023,1758,3336,731,3078,2585,2347,854,1619,158,814,1526,2337,1958,644,2042,3610,238,0,208,1812,1158,1039,2532,3330,2232,2166,2848,1704,14,262,257,2339,3273,2802,57,221,660,1184,1821,1112,235,73,326,2650,2902,103,60,2835,1808,1566,1561,3131,1081,3758,557,1848,795,2489,2320,2895,770,3198,2157,3061,1668,3518,868,1899,1894,2725,621,1276,3218,2511,1585,54
272,1938,726,38,1632,2480,220,2328,276,1265,2774,2718,1090,3092,286,2499,2023,2453,1451,1643,507,754,1589,1924,1786,1281,1343,3287,24,208,0,1111,1372,662,1836,3089,1538,1489,2249,1015,316,26,766,1601,3341,2219,457,134,175,1437,1162,517,524,277,606,2396,2733,328,216,2965,1219,1934,1150,3268,781,3640,1167,1229,1171,1879,1588,3067,265,2747,2372,2443,960,3216,490,1471,1181,2846,1202,1593,3319,1881,1465,423
1922,905,2513,852,166,975,1459,2563,589,879,3274,2592,295,2909,591,1237,1208,3312,3172,2648,2163,1880,2659,1834,2404,3077,403,2370,1131,1812,1111,0,2748,1160,431,2918,539,366,638,74,1973,1061,2591,143,3727,984,2211,1314,575,2832,161,232,2100,1804,2272,2537,2988,1863,1722,3633,772,3266,1296,3747,1411,3167,2955,465,2760,883,109,3689,477,1950,3394,810,59,2727,982,1533,12,3579,2922,2977,3734,568,2305,2175
1089,2561,678,1488,2971,3263,1884,1304,1518,1768,1177,2074,2265,2400,2206,3072,2393,553,722,231,1674,335,160,1563,699,1478,2397,3408,1191,1158,1372,2748,0,953,2919,2386,2460,3310,3636,2457,1127,1616,959,2983,1522,2841,1194,1784,1649,9,3015,2343,1865,1577,421,1462,1531,1635,1525,979,1832,170,1179,1287,744,3534,1050,3189,135,2501,3057,1055,2065,2806,389,3339,2459,2931,1064,1285,2849,864,1916,36,1427,3546,436,916
1066,971,1263,560,1331,1740,1329,988,309,344,1628,1360,607,1785,1038,1554,896,1552,1877,775,1633,270,782,624,636,2213,717,2306,506,1039,662,1160,953,0,1262,1780,798,1992,2486,813,1135,838,1510,1345,2512,1264,1339,1182,479,1075,1594,921,1707,1321,862,1044,1433,1390,1234,2195,357,1595,124,2589,34,2784,1871,1921,1134,907,1426,2318,812,1547,1679,1819,823,2048,30,324,1274,2032,2332,1223,2540,2355,505,1139
2606,269,3031,1542,99,196,2379,2180,1067,597,3033,1953,256,2282,1456,386,540,3251,3511,2642,2910,2115,2685,1340,2218,3554,146,1305,1771,2532,1836,431,2919,1262,0,2296,130,1113,1087,321,2673,1868,3156,125,3657,226,2862,2235,1188,3025,891,958,2889,2627,2720,2101,2587,2688,2535,3590,531,3417,1152,3728,1509,2304,3434,1337,3076,278,218,3645,1230,1047,3411,144,353,1869,1217,1216,489,3517,3510,3165,3693,1242,2245,2781
3333,1453,3317,2936,2684,2146,3563,425,2529,1378,912,70,2174,1,3295,1587,1091,1748,3501,1618,3652,2053,1739,577,961,3733,1990,1183,2886,3330,3089,2918,2386,1780,2296,0,1831,3582,3642,2550,3386,3224,3504,2728,1842,1604,3493,3473,2780,2468,3399,3100,3691,3547,2942,332,374,3583,3494,2022,1508,2740,1248,2387,1678,870,3612,3616,2847,1448,2872,2210,3114,716,2267,2435,2605,327,2057,925,3042,1947,3775,2562,2060,3678,1335,3335
2297,97,2680,1257,319,395,2192,1609,764,219,2547,1466,104,1824,1341,376,248,2799,3234,2118,2693,1574,2178,844,1629,3344,22,1232,1420,2232,1538,539,2460,798,130,1831,0,1359,1506,283,2362,1617,2828,348,3398,174,2577,2001,922,2570,1077,899,2694,2377,2317,1534,2096,2446,2287,3250,164,3027,647,3530,1002,2121,3166,1520,2651,79,458,3365,1097,787,2995,430,331,1546,791,701,616,3157,3332,2724,3443,1598,1663,2451
2268,1811,2880,1269,671,1696,1556,3334,1196,1814,3712,3369,1049,3580,725,2109,2184,3703,3461,3305,2288,2604,3298,2765,3178,3243,1195,3109,1606,2166,1489,366,3310,1992,1113,3582,1359,0,254,676,2302,1334,2878,622,3811,1843,2465,1467,1072,3377,64,503,2171,1988,2756,3322,3602,2027,1932,3793,1694,3635,2251,3815,2279,3659,3222,65,3242,1789,497,3800,745,2820,3720,1405,632,3438,1762,2475,284,3781,3007,3472,3814,62,3073,2500
2938,1889,3437,1989,690,1492,2361,3535,1799,2138,3778,3486,1317,3638,1425,1981,2275,3787,3736,3601,2987,3122,3606,2994,3465,3662,1379,2964,2327,2848,2249,638,3636,2486,1087,3642,1506,254,0,978,2975,2119,3445,649,3825,1809,3144,2276,1710,3677,440,1079,2876,2736,3313,3503,3708,2775,2692,3819,2003,3776,2617,3827,2749,3624,3647,519,3623,1886,530,3820,1400,2824,3796,1185,951,3454,2321,2796,548,3812,3552,3717,3826,108,3415,3160
1796,611,2353,746,169,824,1487,2170,418,542,2934,2205,67,2544,656,981,850,3012,3003,2295,2132,1537,2311,1386,1984,2985,156,2077,973,1704,1015,74,2457,813,321,2550,283,676,978,0,1864,1021,2461,162,3598,712,2114,1322,472,2554,415,304,2105,1765,2047,2135,2618,1830,1683,3441,441,3022,903,3648,1074,2874,2831,759,2505,586,186,3525,491,1583,3139,723,4,2378,682,1122,133,3360,2893,2715,3617,920,1906,2018
5,2686,204,508,2491,3199,318,2607,882,1967,2830,3105,1913,3395,865,3181,2700,2334,734,1630,141,855,1530,2426,2013,534,2204,3656,338,14,316,1973,1127,1135,2673,3386,2362,2302,2975,1864,0,360,168,2470,3260,2913,23,307,783,1151,1977,1243,228,95,296,2706,2946,112,86,2813,1943,1500,1666,3101,1163,3774,442,1993,737,2632,2463,2865,898,3285,2116,3169,1818,3575,966,1996,2063,2702,532,1226,3206,2658,1626,28
337,2049,858,53,1614,2527,129,2526,347,1394,2966,2883,1148,3233,178,2583,2161,2675,1602,1897,473,968,1827,2130,2044,1332,1396,3366,93,262,26,1061,1616,838,1868,3224,1617,1334,2119,1021,360,0,860,1582,3487,2292,501,63,200,1682,1040,444,452,239,768,2590,2928,287,189,3171,1344,2183,1319,3429,980,3695,1244,1076,1367,1975,1541,3240,202,2860,2586,2454,956,3342,626,1675,1114,3066,1189,1815,3474,1721,1713,514
195,3108,47,1025,3030,3548,740,2753,1412,2427,2815,3264,2466,3512,1473,3499,3086,2199,305,1611,336,1016,1495,2696,2143,182,2698,3754,763,257,766,2591,959,1510,3156,3504,2828,2878,3445,2461,168,860,0,3005,3140,3314,102,756,1346,941,2610,1905,482,408,251,2854,3045,409,422,2637,2420,1172,2038,2857,1457,3801,72,2619,528,3054,3000,2668,1517,3528,1849,3542,2439,3690,1383,2322,2664,2515,370,991,3051,3194,1719,83
2428,617,2908,1301,3,523,2056,2503,914,828,3279,2415,288,2721,1101,794,919,3405,3460,2790,2676,2172,2811,1723,2456,3433,279,1874,1591,2339,1601,143,2983,1345,125,2728,348,622,649,162,2470,1582,3005,0,3735,600,2687,1900,967,3095,469,630,2631,2369,2656,2458,2914,2425,2284,3676,720,3451,1353,3764,1625,2803,3329,835,3070,608,20,3715,910,1564,3500,368,177,2409,1227,1514,155,3622,3357,3209,3751,749,2430,2623
3230,3288,2858,3358,3729,3699,3646,1275,3219,2838,432,1826,3418,1867,3683,3523,3021,454,2717,1117,3596,2058,1170,2093,1225,3440,3419,3481,3184,3273,3341,3727,1522,2512,3657,1842,3398,3811,3825,3598,3260,3487,3140,3735,0,3458,3321,3603,3378,1521,3789,3675,3660,3544,2564,1387,970,3572,3507,153,2937,1370,2345,171,2266,3269,3138,3804,2068,3259,3755,179,3604,3019,686,3749,3607,2710,2730,2198,3752,205,3666,1475,25,3821,1361,3123
2855,44,3170,1923,561,138,2783,1660,1366,492,2643,1308,504,1596,2011,43,154,2998,3573,2434,3215,2081,2487,893,1857,3651,311,669,2104,2802,2219,984,2841,1264,226,1604,174,1843,1809,712,2913,2292,3314,600,3458,0,3126,2640,1565,2945,1590,1515,3223,2947,2821,1549,2086,3006,2863,3396,461,3337,957,3614,1434,1540,3549,2089,3087,58,747,3489,1734,427,3248,281,778,1132,1307,908,1080,3301,3655,3099,3532,2014,1985,2984
42,2873,176,668,2703,3364,378,2772,1108,2221,2948,3239,2169,3497,1034,3345,2888,2418,642,1751,100,1014,1655,2608,2201,372,2413,3724,499,57,457,2211,1194,1339,2862,3493,2577,2465,3144,2114,23,501,102,2687,3321,3126,0,397,987,1200,2196,1452,197,119,342,2856,3102,123,128,2871,2203,1513,1892,3141,1351,3795,329,2181,760,2822,2669,2916,1098,3431,2177,3331,2069,3650,1190,2224,2270,2770,371,1268,3257,2801,1776,37
301,2423,830,234,1935,2836,18,2829,615,1801,3207,3193,1499,3478,294,2901,2516,2867,1545,2176,273,1224,2108,2476,2358,1141,1779,3581,258,221,134,1314,1784,1182,2235,3473,2001,1467,2276,1322,307,63,756,1900,3603,2640,397,0,445,1841,1205,639,222,107,845,2892,3202,122,82,3325,1731,2289,1702,3545,1302,3766,1137,1161,1460,2371,1835,3387,391,3187,2751,2759,1270,3568,934,2075,1363,3220,902,1965,3593,1850,2029,471
732,1312,1252,50,996,1838,567,2111,31,792,2712,2401,545,2782,185,1896,1441,2538,2041,1709,1046,848,1693,1544,1677,1946,753,2817,165,660,175,575,1649,479,1188,2780,922,1072,1710,472,783,200,1346,967,3378,1565,987,445,0,1737,721,184,1037,730,1026,2144,2557,790,657,3081,724,2278,827,3376,648,3391,1775,904,1568,1261,962,3168,77,2263,2549,1766,439,2834,303,1143,645,2943,1859,1908,3382,1421,1422,911
1115,2678,667,1570,3085,3355,1930,1398,1627,1904,1220,2188,2374,2479,2271,3161,2490,562,661,302,1692,406,214,1686,796,1424,2492,3480,1249,1184,1437,2832,9,1075,3025,2468,2570,3377,3677,2554,1151,1682,941,3095,1521,2945,1200,1841,1737,0,3106,2429,1883,1603,434,1573,1623,1657,1559,963,1959,120,1282,1259,851,3587,998,3249,118,2624,3147,1029,2155,2903,359,3420,2558,3037,1173,1401,2932,856,1895,16,1408,3591,525,931
1937,1519,2596,930,520,1512,1293,3068,837,1443,3584,3125,728,3397,500,1851,1844,3570,3246,2999,2024,2253,2996,2442,2850,3028,888,2899,1239,1821,1162,161,3015,1594,891,3399,1077,64,440,415,1977,1040,2610,469,3789,1590,2196,1205,721,3106,0,241,1909,1705,2436,3053,3412,1743,1642,3748,1315,3456,1846,3798,1875,3565,2980,92,2944,1496,362,3768,480,2573,3595,1273,385,3245,1364,2125,116,3722,2807,3211,3792,236,2723,2214
1206,1347,1854,343,663,1640,748,2566,293,1032,3191,2739,516,3098,117,1822,1586,3116,2616,2375,1373,1468,2354,1944,2269,2431,709,2845,566,1112,517,232,2343,921,958,3100,899,503,1079,304,1243,444,1905,630,3675,1515,1452,639,184,2429,241,0,1298,1068,1648,2579,2990,1116,990,3506,918,2879,1247,3688,1186,3475,2341,401,2259,1297,582,3578,52,2388,3136,1490,252,3040,707,1558,259,3427,2254,2567,3685,799,2080,1432
263,3035,643,713,2665,3407,149,3196,1218,2455,3409,3524,2250,3694,833,3436,3113,2992,1198,2394,21,1539,2303,2958,2701,603,2496,3761,646,235,524,2100,1865,1707,2889,3691,2694,2171,2876,2105,228,452,482,2631,3660,3223,197,222,1037,1883,1909,1298,0,55,846,3261,3468,41,89,3402,2412,2236,2277,3571,1787,3810,715,1778,1389,2979,2572,3430,972,3588,2798,3349,2040,3745,1493,2588,2126,3302,355,1966,3634,2482,2365,364
106,2729,513,462,2399,3186,80,2887,887,2112,3176,3289,1901,3551,635,3205,2793,2738,1120,2072,48,1193,1964,2645,2376,680,2200,3696,381,73,277,1804,1577,1321,2627,3547,2377,1988,2736,1765,95,239,408,2369,3544,2947,119,107,730,1603,1705,1068,55,0,614,2963,3225,6,7,3197,2059,1983,1887,3424,1399,3790,695,1650,1180,2682,2326,3247,735,3385,2548,3132,1716,3649,1130,2242,1856,3104,526,1700,3498,2363,2008,215
267,2546,98,771,2663,3188,895,1999,1007,1750,2128,2620,1949,2953,1355,3083,2474,1480,433,873,684,388,780,1948,1313,710,2197,3550,518,326,606,2272,421,862,2720,2942,2317,2756,3313,2047,296,768,251,2656,2564,2821,342,845,1026,434,2436,1648,846,614,0,2137,2344,652,587,2028,1764,729,1284,2350,773,3700,429,2531,173,2484,2677,2106,1294,3046,1238,3203,2021,3303,811,1553,2368,1890,976,511,2483,3093,940,163
2647,1295,2580,2274,2422,2154,3038,15,1853,928,474,142,1708,341,2766,1651,952,1023,2842,769,3179,1159,875,217,274,3362,1636,1656,2185,2650,2396,2537,1462,1044,2101,332,1534,3322,3503,2135,2706,2590,2854,2458,1387,1549,2856,2892,2144,1573,3053,2579,3261,2963,2137,0,115,3044,2894,1377,1059,1910,629,1806,880,1638,3062,3352,2002,1271,2600,1569,2528,955,1440,2390,2194,840,1280,407,2670,1283,3526,1684,1548,3502,546,2636
2891,1823,2761,2661,2875,2622,3311,101,2316,1416,207,313,2255,392,3148,2164,1438,819,2924,815,3392,1395,917,569,402,3471,2189,2030,2522,2902,2733,2988,1531,1433,2587,374,2096,3602,3708,2618,2946,2928,3045,2914,970,2086,3102,3202,2557,1623,3412,2990,3468,3225,2344,115,0,3283,3175,1065,1557,1862,1054,1415,1240,1810,3185,3609,2120,1793,3065,1222,2926,1356,1278,2837,2667,1062,1714,784,3117,993,3625,1699,1144,3705,681,2851
127,2797,535,515,2452,3231,87,2952,954,2193,3214,3353,1962,3589,670,3256,2852,2792,1128,2133,33,1250,2043,2714,2444,658,2264,3713,424,103,328,1863,1635,1390,2688,3583,2446,2027,2775,1830,112,287,409,2425,3572,3006,123,122,790,1657,1743,1116,41,6,652,3044,3283,0,17,3236,2134,2039,1961,3448,1491,3799,692,1676,1213,2741,2381,3284,779,3428,2599,3174,1777,3682,1199,2309,1912,3146,485,1749,3536,2392,2094,233
90,2653,510,398,2313,3120,69,2816,809,1998,3128,3227,1795,3496,585,3145,2713,2697,1133,1987,75,1126,1907,2553,2298,733,2102,3663,323,60,216,1722,1525,1234,2535,3494,2287,1932,2692,1683,86,189,422,2284,3507,2863,128,82,657,1559,1642,990,89,7,587,2894,3175,17,0,3164,1945,1952,1783,3401,1311,3783,727,1600,1154,2593,2252,3210,666,3316,2508,3058,1637,3613,1045,2152,1773,3060,583,1671,3479,2307,1927,206
2787,3190,2346,3009,3665,3669,3400,1233,2900,2657,468,1911,3226,2054,3488,3484,2921,151,2153,718,3265,1580,742,1957,1008,3001,3254,3515,2788,2835,2965,3633,979,2195,3590,2022,3250,3793,3819,3441,2813,3171,2637,3676,153,3396,2871,3325,3081,963,3748,3506,3402,3197,2028,1377,1065,3236,3164,0,2744,800,2090,81,1885,3410,2611,3784,1450,3159,3707,19,3389,3034,260,3721,3455,2826,2395,1968,3684,13,3380,906,96,3813,1031,2641
1870,249,2220,994,689,839,1917,1095,543,10,1991,1123,181,1505,1255,675,250,2230,2789,1447,2380,983,1507,466,1030,2993,159,1436,1082,1808,1219,772,1832,357,531,1508,164,1694,2003,441,1943,1344,2420,720,2937,461,2203,1731,724,1959,1315,918,2412,2059,1764,1059,1557,2134,1945,2744,0,2469,209,3130,496,2165,2758,1757,2097,212,847,2877,1001,820,2447,926,486,1435,400,298,885,2633,3056,2151,3011,1986,1048,2005
1469,3119,890,2098,3447,3620,2351,1732,2187,2419,1330,2488,2843,2763,2722,3485,2925,549,650,538,2020,817,449,2141,1136,1535,2960,3671,1745,1566,1934,3266,170,1595,3417,2740,3027,3635,3776,3022,1500,2183,1172,3451,1370,3337,1513,2289,2278,120,3456,2879,2236,1983,729,1910,1862,2039,1952,800,2469,0,1791,997,1338,3704,1103,3562,266,3069,3492,803,2635,3258,229,3661,3024,3307,1698,1903,3356,711,2082,51,1228,3742,861,1253
1597,685,1752,985,1318,1476,1878,620,598,157,1336,867,609,1254,1455,1201,556,1482,2308,777,2207,498,832,244,459,2679,633,1805,936,1561,1150,1296,1179,124,1152,1248,647,2251,2617,903,1666,1319,2038,1353,2345,957,1892,1702,827,1282,1846,1247,2277,1887,1284,629,1054,1961,1783,2090,209,1791,0,2497,131,2294,2364,2244,1464,637,1479,2247,1203,1063,1715,1620,935,1474,245,49,1430,1931,2810,1444,2408,2545,447,1654
3074,3483,2597,3315,3759,3760,3592,1662,3244,3039,758,2315,3508,2406,3664,3673,3272,412,2333,1109,3464,1994,1118,2403,1418,3183,3539,3686,3121,3131,3268,3747,1287,2589,3728,2387,3530,3815,3827,3648,3101,3429,2857,3764,171,3614,3141,3545,3376,1259,3798,3688,3571,3424,2350,1806,1415,3448,3401,81,3130,997,2497,0,2330,3597,2805,3808,1733,3450,3780,39,3600,3347,451,3786,3654,3153,2778,2424,3767,140,3513,1187,68,3823,1445,2898
1093,1142,1197,696,1605,1951,1463,821,483,453,1369,1256,822,1688,1241,1718,1020,1267,1730,554,1695,148,563,578,455,2168,923,2384,596,1081,781,1411,744,34,1509,1678,1002,2279,2749,1074,1163,980,1457,1625,2266,1434,1351,1302,648,851,1875,1186,1787,1399,773,880,1240,1491,1311,1885,496,1338,131,2330,0,2786,1782,2212,949,1083,1712,2037,1043,1610,1382,2070,1086,2019,110,297,1560,1729,2336,1003,2290,2612,320,1129
3765,1622,3782,3556,2746,1790,3785,1797,3208,2095,2510,1058,2560,853,3658,1306,1374,3221,3805,3049,3806,3195,3149,1576,2432,3824,2324,414,3574,3758,3640,3167,3534,2784,2304,870,2121,3659,3624,2874,3774,3695,3801,2803,3269,1540,3795,3766,3391,3587,3565,3475,3810,3790,3700,1638,1810,3799,3783,3410,2165,3704,2294,3597,2786,0,3817,3723,3706,1658,2951,3505,3553,654,3531,2142,2933,291,2939,1976,3238,3367,3828,3629,3413,3702,2742,3773
481,3374,145,1413,3351,3698,1102,2929,1852,2757,2906,3432,2827,3621,1914,3668,3340,2228,136,1747,564,1258,1634,2935,2340,85,3047,3794,1156,557,1167,2955,1050,1871,3434,3612,3166,3222,3647,2831,442,1244,72,3329,3138,3549,329,1137,1775,998,2980,2341,715,695,429,3062,3185,692,727,2611,2758,1103,2364,2805,1782,3817,0,2974,559,3326,3327,2628,1956,3667,1820,3697,2808,3750,1772,2603,3026,2504,380,1000,3020,3476,1933,322
1955,2009,2649,1070,886,1982,1214,3354,1088,1888,3701,3423,1140,3615,521,2338,2319,3680,3281,3232,1928,2473,3212,2809,3152,2969,1323,3282,1371,1848,1229,465,3189,1921,1337,3616,1520,65,519,759,1993,1076,2619,835,3804,2089,2181,1161,904,3249,92,401,1778,1650,2531,3352,3609,1676,1600,3784,1757,3562,2244,3808,2212,3723,2974,0,3082,1970,694,3797,576,2981,3687,1725,700,3541,1673,2494,396,3770,2704,3361,3807,201,2989,2241
714,2804,312,1324,3071,3422,1523,1847,1504,2046,1735,2543,2385,2859,2004,3280,2689,1004,330,618,1211,467,529,2006,1178,924,2541,3608,1028,795,1171,2760,135,1134,3076,2847,2651,3242,3623,2505,737,1367,528,3070,2068,3087,760,1460,1568,118,2944,2259,1389,1180,173,2002,2120,1213,1154,1450,2097,266,1464,1733,949,3706,559,3082,0,2754,3110,1494,1915,3151,706,3457,2493,3306,1166,1670,2844,1327,1350,132,1940,3490,816,558
2556,2,2861,1607,565,345,2518,1365,1071,225,2360,1138,339,1429,1754,180,56,2709,3359,2076,2961,1672,2149,641,1503,3495,172,857,1736,2489,1879,883,2501,907,278,1448,79,1789,1886,586,2632,1975,3054,608,3259,58,2822,2371,1261,2624,1496,1297,2979,2682,2484,1271,1793,2741,2593,3159,212,3069,637,3450,1083,1658,3326,1970,2754,0,751,3277,1486,448,2954,478,640,1125,965,613,992,3064,3516,2769,3343,2016,1612,2690
2411,761,2920,1288,27,631,1978,2654,937,950,3379,2565,358,2864,1033,943,1096,3467,3477,2870,2639,2243,2896,1891,2575,3425,383,2066,1592,2320,1588,109,3057,1426,218,2872,458,497,530,186,2463,1541,3000,20,3755,747,2669,1835,962,3147,362,582,2572,2326,2677,2600,3065,2381,2252,3707,847,3492,1479,3780,1712,2951,3327,694,3110,751,0,3740,871,1744,3560,460,191,2571,1291,1659,105,3670,3320,3262,3769,605,2525,2614
2833,3308,2382,3118,3710,3714,3439,1402,3013,2794,592,2113,3338,2234,3557,3577,3084,223,2148,834,3299,1697,849,2158,1168,3008,3370,3599,2866,2895,3067,3689,1055,2318,3645,2210,3365,3800,3820,3525,2865,3240,2668,3715,179,3489,2916,3387,3168,1029,3768,3578,3430,3247,2106,1569,1222,3284,3210,19,2877,803,2247,39,2037,3505,2628,3797,1494,3277,3740,0,3453,3177,285,3753,3543,2976,2506,2159,3716,40,3393,942,91,3818,1175,2691
863,1532,1485,137,948,1929,494,2495,192,1092,3096,2745,651,3115,32,2079,1720,2915,2281,2173,1042,1231,2140,1939,2136,2073,889,3010,334,770,265,477,2065,812,1230,3114,1097,745,1400,491,898,202,1517,910,3604,1734,1098,391,77,2155,480,52,972,735,1294,2528,2926,779,666,3389,1001,2635,1203,3600,1043,3553,1956,576,1915,1486,871,3453,0,2507,2905,1800,438,3124,594,1524,512,3286,1873,2300,3605,1099,1882,1094
3228,426,3381,2530,1501,755,3304,1107,2000,767,2071,590,1209,698,2764,356,253,2672,3637,2239,3567,2202,2335,593,1529,3746,969,242,2595,3198,2747,1950,2806,1547,1047,716,787,2820,2824,1583,3285,2860,3528,1564,3019,427,3431,3187,2263,2903,2573,2388,3588,3385,3046,955,1356,3428,3316,3034,820,3258,1063,3347,1610,654,3667,2981,3151,448,1744,3177,2507,0,3014,1052,1652,290,1706,836,2083,2940,3762,3041,3158,2978,1798,3291
2084,2997,1528,2449,3491,3585,2823,1277,2407,2356,719,2051,2897,2280,3055,3390,2779,111,1328,384,2634,986,351,1828,826,2299,2968,3537,2179,2157,2372,3394,389,1679,3411,2267,2995,3720,3796,3139,2116,2586,1849,3500,686,3248,2177,2751,2549,359,3595,3136,2798,2548,1238,1440,1278,2599,2508,260,2447,229,1715,451,1382,3531,1820,3687,706,2954,3560,285,2905,3014,0,3641,3150,2956,1855,1711,3466,193,2743,314,588,3779,691,1876
3127,443,3446,2162,333,45,2882,2471,1647,1011,3293,2186,672,2416,2033,306,705,3527,3725,3059,3368,2630,3112,1685,2602,3741,509,1100,2383,3061,2443,810,3339,1819,144,2435,430,1405,1185,723,3169,2454,3542,368,3749,281,3331,2759,1766,3420,1273,1490,3349,3132,3203,2390,2837,3174,3058,3721,926,3661,1620,3786,2070,2142,3697,1725,3457,478,460,3753,1800,1052,3641,0,774,1861,1788,1641,842,3692,3726,3509,3763,1472,2681,3255
1755,665,2329,703,188,876,1409,2217,405,571,2967,2256,94,2601,604,1056,901,3043,2986,2310,2088,1543,2331,1449,2025,2950,198,2150,938,1668,960,59,2459,823,353,2605,331,632,951,4,1818,956,2439,177,3607,778,2069,1270,439,2558,385,252,2040,1716,2021,2194,2667,1777,1637,3455,486,3024,935,3654,1086,2933,2808,700,2493,640,191,3543,438,1652,3150,774,0,2445,687,1169,113,3373,2853,2716,3630,881,1925,1972
3540,1105,3586,3075,2349,1527,3632,989,2609,1352,1760,394,1971,310,3318,1018,807,2551,3719,2301,3731,2477,2414,785,1581,3791,1738,456,3088,3518,3216,2727,2931,2048,1869,327,1546,3438,3454,2378,3575,3342,3690,2409,2710,1132,3650,3568,2834,3037,3245,3040,3745,3649,3303,840,1062,3682,3613,2826,1435,3307,1474,3153,2019,291,3750,3541,3306,1125,2571,2976,3124,290,2956,1861,2445,0,2261,1174,2819,2767,3802,3143,2868,3558,1936,3564
897,1035,1192,375,1221,1746,1104,1236,150,404,1893,1615,550,2064,786,1624,1012,1767,1837,947,1407,340,946,818,859,2091,683,2440,346,868,490,982,1064,30,1217,2057,791,1762,2321,682,966,626,1383,1227,2730,1307,1190,934,303,1173,1364,707,1493,1130,811,1280,1714,1199,1045,2395,400,1698,245,2778,110,2939,1772,1673,1166,965,1291,2506,594,1706,1855,1788,687,2261,0,484,1110,2257,2182,1320,2755,2156,674,1006
1918,653,2050,1303,1470,1454,2240,410,878,211,1153,580,765,929,1794,1119,464,1403,2514,788,2498,659,866,76,377,2917,743,1578,1260,1899,1471,1533,1285,324,1216,925,701,2475,2796,1122,1996,1675,2322,1514,2198,908,2224,2075,1143,1401,2125,1558,2588,2242,1553,407,784,2309,2152,1968,298,1903,49,2424,297,1976,2603,2494,1670,613,1659,2159,1524,836,1711,1641,1169,1174,484,0,1681,1829,3090,1572,2273,2768,450,1963
1995,1022,2594,909,187,1036,1497,2695,673,1013,3371,2711,379,3029,610,1310,1309,3404,3235,2762,2209,2012,2773,1974,2524,3129,493,2448,1207,1894,1181,12,2849,1274,489,3042,616,284,548,133,2063,1114,2664,155,3752,1080,2270,1363,645,2932,116,259,2126,1856,2368,2670,3117,1912,1773,3684,885,3356,1430,3767,1560,3238,3026,396,2844,992,105,3716,512,2083,3466,842,113,2819,1110,1681,0,3627,2957,3094,3756,475,2437,2246
2671,3103,2227,2885,3611,3618,3294,1149,2785,2521,416,1817,3135,1969,3406,3416,2818,88,2045,601,3173,1417,625,1833,877,2904,3162,3462,2666,2725,2846,3579,864,2032,3517,1947,3157,3781,3812,3360,2702,3066,2515,3622,205,3301,2770,3220,2943,856,3722,3427,3302,3104,1890,1283,993,3146,3060,13,2633,711,1931,140,1729,3367,2504,3770,1327,3064,3670,40,3286,2940,193,3692,3373,2767,2257,1829,3627,0,3292,805,152,3803,892,2509
581,3555,599,1484,3375,3738,802,3459,2026,3080,3521,3709,2982,3777,1724,3739,3569,3050,801,2568,300,1920,2464,3384,2991,139,3201,3816,1290,621,1202,2922,1916,2332,3510,3775,3332,3007,3552,2893,532,1189,370,3357,3666,3655,371,902,1859,1895,2807,2254,355,526,976,3526,3625,485,583,3380,3056,2082,2810,3513,2336,3828,380,2704,1350,3516,3320,3393,1873,3762,2743,3726,2853,3802,2182,3090,2957,3292,0,1919,3619,3278,2660,544
1204,2812,702,1717,3204,3449,2062,1516,1781,2085,1251,2285,2520,2581,2410,3271,2652,552,628,361,1763,533,282,1825,894,1428,2662,3559,1388,1276,1593,2977,36,1223,3165,2562,2724,3472,3717,2715,1226,1815,991,3209,1475,3099,1268,1965,1908,16,3211,2567,1966,1700,511,1684,1699,1749,1671,906,2151,51,1444,1187,1003,3629,1000,3361,132,2769,3262,942,2300,3041,314,3509,2716,3143,1320,1572,3094,805,1919,0,1368,3644,619,1027
3182,3372,2777,3350,3743,3730,3626,1404,3237,2907,547,2015,3452,2087,3679,3594,3134,420,2584,1106,3561,2034,1146,2216,1289,3363,3463,3576,3163,3218,3319,3734,1427,2540,3693,2060,3443,3814,3826,3617,3206,3474,3051,3751,25,3532,3257,3593,3382,1408,3792,3685,3634,3498,2483,1548,1144,3536,3479,96,3011,1228,2408,68,2290,3413,3020,3807,1940,3343,3769,91,3605,3158,588,3763,3630,2868,2755,2273,3756,152,3619,1368,0,3822,1380,3052
2621,2031,3200,1664,806,1774,1926,3519,1571,2129,3771,3520,1300,3674,1078,2237,2389,3772,3639,3533,2615,2930,3529,3004,3414,3482,1423,3192,2007,2511,1881,568,3546,2355,1242,3678,1598,62,108,920,2658,1721,3194,749,3821,2014,2801,1850,1421,3591,236,799,2482,2363,3093,3502,3705,2392,2307,3813,1986,3742,2545,3823,2612,3702,3476,201,3490,2016,605,3818,1099,2978,3779,1472,881,3558,2156,2768,475,3803,3278,3644,3822,0,3323,2840
1555,1669,1381,1431,2405,2533,2190,435,1215,944,623,1017,1584,1348,2117,2222,1397,536,1689,78,2231,264,114,595,66,2367,1646,2569,1235,1585,1465,2305,436,505,2245,1335,1663,3073,3415,1906,1626,1713,1719,2430,1361,1985,1776,2029,1422,525,2723,2080,2365,2008,940,546,681,2094,1927,1031,1048,861,447,1445,320,2742,1933,2989,816,1612,2525,1175,1882,1798,691,2681,1925,1936,674,450,2437,892,2660,619,1380,3323,0,1498
29,2737,84,627,2644,3276,487,2519,999,2017,2707,3048,2035,3348,1073,3229,2731,2147,551,1461,237,762,1362,2391,1898,446,2291,3672,417,54,423,2175,916,1139,2781,3335,2451,2500,3160,2018,28,514,83,2623,3123,2984,37,471,911,931,2214,1432,364,215,163,2636,2851,233,206,2641,2005,1253,1654,2898,1129,3773,322,2241,558,2690,2614,2691,1094,3291,1876,3255,1972,3564,1006,1963,2246,2509,544,1027,3052,2840,1498,0
