0,434,6910,195,5675,3325,5265,8698,2025,5226,701,386,1163,7216,2127,9173,2413,5340,608,6098,2149,9205,960,3454,4078,2449,8885,4569,7038,5591,28,172,2423,8023,2551,3410,201,10050,7665,6183,3229,2643,2864,1126,4510,9203,9318,2477,387,2054,7392,2608,916,6461,2253,3219,626,3467,6000,5266,4627,3215,1455,1038,1044,507,5463,7795,5799,8174,4725,7089,8228,5471,6115,7538,4921,3685,2195,1712,1045,6509,3066,4025,6915,5780,8329,10150,1736,7751,7356,74,9365,1948,5287,10710,53,2524,5637,5897,7759,8017,1047,1579,4967,5610,2254,5202,5816,1806,5251,445,5117,2468,780,2014,8496,3509,3473,8139,593,155,9746,7204,4718,3716,4020,253,8850,6110,381,2810,9371,4084,2208,1497,3713,7887,4919,1946,1893,761,7107,6009,5777,4192,3214,3652,6617,2752
434,0,6396,1232,2329,6953,8493,5615,1239,8044,1677,1514,723,4211,3915,3901,3271,1214,585,1316,5975,9208,355,2581,469,1403,4317,3423,2436,6495,782,390,6737,8290,1319,3565,611,8904,5408,4387,7813,2486,2092,2295,7802,7810,7658,479,1265,2461,6369,2915,2905,1378,5321,8142,1978,5489,8891,5626,4099,5404,5490,599,696,888,4327,3385,4816,2502,1584,9658,7468,6571,9990,4922,9375,1678,3472,5109,3860,4804,138,1083,5884,4595,6162,10040,4016,9078,4532,1132,6307,1863,4848,10005,741,6223,5980,5044,5631,4703,2523,3889,1529,1558,7782,2835,3795,906,4775,1750,6412,3033,663,30,6539,3116,4513,8261,2705,399,9565,5662,6108,1875,2480,2691,8192,7232,819,915,9130,4635,7101,1827,2821,5599,4410,1208,3701,2435,6808,3399,3479,7770,3928,4455,8395,2797
6910,6396,0,7923,4372,9899,9603,4628,2479,9200,2379,9523,4946,6106,2301,6850,8266,4316,1522,3602,7043,2611,5009,91,4263,3676,8063,4230,4665,2561,9049,4792,5182,206,6771,10912,9334,5841,3899,6274,7118,6687,5593,6854,1842,372,3455,7198,7309,7441,3471,7909,2916,5310,9278,4618,8925,3207,3120,2499,4180,1420,7336,8472,4343,6989,3308,4626,548,9325,4406,2220,933,692,9925,4134,3400,3307,9433,1589,4664,366,7547,2769,1391,2457,2324,4112,3958,1111,1914,6977,3812,3789,2952,9464,8532,8745,931,376,4741,3933,10218,2562,5389,5483,6538,4609,2169,4338,113,3299,1819,10261,10176,5731,1500,329,2756,1737,7940,6689,185,1474,7147,6140,1268,5788,2676,82,9614,3596,607,5114,4694,5641,6917,5212,2470,4614,6135,6574,4072,3199,5907,5218,3959,3319,1241,2808
195,1232,7923,0,5969,2587,5327,9398,877,6299,328,1121,3334,3916,1193,10464,456,8495,1077,8541,2668,9722,3197,4292,6101,4246,7513,1846,6927,3098,911,2028,1922,8254,3357,891,1413,8836,7840,6841,4800,6491,1060,152,7689,9760,9737,3094,94,3796,5616,1548,3441,6007,4285,5309,3160,3986,3988,8680,2543,6128,1056,3918,936,3920,5213,9131,8539,9083,8089,6294,7394,5581,2558,8527,5191,5805,4594,2534,2598,7532,3542,7407,8363,3863,8450,8585,6097,8877,5825,536,10705,444,4249,9485,495,2119,5546,5337,5195,7796,854,4951,3140,8986,3051,5793,4017,885,5176,1961,5718,7625,4011,3171,9660,3499,4076,5396,2440,76,9492,9337,8555,1330,5648,104,6196,7462,22,5311,10628,4760,2806,5621,746,5094,5855,2786,501,166,3251,9259,2644,6027,2259,2865,7222,1539
5675,2329,4372,5969,0,10730,10277,414,925,4579,2218,10009,7090,2297,3345,1872,2783,1495,3749,2053,5028,2135,913,2363,841,7520,302,1333,765,8473,7865,3588,6026,3052,7291,5910,8709,1739,67,277,10988,2048,787,8000,8858,1482,10410,835,8152,8494,9344,9447,8124,794,10282,10302,8460,6806,9680,9198,810,4311,6996,3286,3991,4952,9319,5029,3371,7020,1631,7681,1368,5745,10857,8471,9773,99,4711,6553,7248,6244,1446,1722,573,1028,1443,9274,7264,10380,4928,3783,2741,3480,357,5700,7068,5175,4103,2866,5753,961,4284,5826,1030,2008,9088,1681,5558,3908,4002,3041,2651,8554,7342,956,3721,4920,1052,6207,5561,5596,7938,1131,4862,1000,4799,7927,5911,7383,5712,4634,9157,4525,9172,4943,3520,3402,9353,122,2744,3236,5740,2247,2600,9654,5589,950,4152,899
3325,6953,9899,2587,10730,0,378,10729,5784,10627,5170,1655,3222,10300,8125,11052,7533,10794,5988,10731,6738,11112,9772,9165,9682,3756,10950,9168,11054,4907,6235,7861,6860,10551,10242,8614,2614,11146,11056,10068,6003,10331,6922,1261,9955,11011,10505,7077,1626,10554,7716,650,7514,10832,10563,8833,9965,1327,7707,6441,10047,8416,1852,7349,1395,9253,7327,11119,9247,11117,11029,7455,10168,10478,7769,11023,5803,10691,6580,7169,1345,7680,10319,10044,10769,10470,9309,11006,7584,10178,9977,5165,11164,3147,10129,11171,7002,9223,10738,10418,5778,11126,8183,9422,7800,10741,7792,11063,8704,2485,6355,5257,7338,9216,7131,9394,9373,5118,8279,8296,9687,4904,9956,11041,11040,8191,4931,1127,7662,9882,4399,10516,10403,10992,7989,7123,6955,10892,4812,9142,6228,3736,8110,11082,6575,1740,10111,9954,10685,9181
5265,8493,9603,5327,10277,378,0,9273,6343,9267,5873,5707,5157,10779,8840,10913,8120,10631,8226,10781,4162,10938,9556,9601,9455,6126,10851,9679,11108,7790,8535,8414,5909,9780,11028,9668,5275,11131,10897,7608,9451,9093,6691,4908,9751,10678,11045,6031,5741,11053,10237,4014,9054,10981,11049,9765,10733,351,9500,6036,10019,5898,963,6125,2323,9335,10167,11161,7286,11167,11016,5442,8929,10763,10008,11155,5194,10227,3290,7746,563,8323,10800,9650,9644,10562,6629,11129,6354,10807,10778,4929,11156,5059,9263,11173,9313,8448,10903,10651,6968,11138,8104,9231,8280,10430,7749,11113,10323,4519,6157,3729,3712,8373,7679,9959,6900,6462,5325,8923,9811,8343,9894,10798,10843,8845,4858,3210,7981,10132,7234,10957,9864,11075,9037,5335,8887,11062,7729,7745,6064,3745,9472,11037,7371,412,10878,9414,10172,9289
8698,5615,4628,9398,414,10729,9273,0,3080,6761,5547,10793,7494,6884,7536,977,7325,2082,7159,2929,6417,3566,3484,4750,1238,7897,1748,5371,5089,9860,10296,6654,8484,3514,10595,9943,9904,6173,1237,107,11128,2883,3085,9994,9711,1417,10847,1287,10228,10905,10471,10140,9912,4176,11111,10944,10725,4989,10786,7726,4705,3864,7918,4019,4764,7578,10465,9073,1512,10317,4443,7718,1421,9113,11145,10636,10133,1079,4279,8970,6636,5639,5792,1781,484,4968,132,10864,7280,10846,8035,6678,4339,6144,1915,10433,10295,8738,8272,6408,6061,5708,8393,7984,2492,1867,10475,7424,8662,5651,3831,4038,1546,8706,8749,3633,702,5871,1290,7874,9296,9572,7551,1692,7307,4405,3475,9822,6435,8720,9559,8588,7235,9734,10658,4337,7863,8748,9649,1041,6266,6242,8715,4389,4572,8259,10074,4178,6221,4651
2025,1239,2479,877,925,5784,6343,3080,0,5973,101,5352,3349,405,494,6347,473,4363,635,3835,3189,4891,2148,762,1902,3096,1439,65,1849,1304,4875,2841,2401,2393,4128,2825,4915,2709,1971,2042,8275,5107,37,980,7034,3182,7293,1051,1561,5899,2832,2590,4727,1213,8277,7272,6891,2217,3298,6864,260,3781,2320,4166,422,5302,3532,5643,3735,7093,4882,3368,1002,2696,6095,6116,5232,1859,5085,2514,3224,2690,1679,3446,2610,330,1717,4547,6230,7209,1153,1941,7709,29,467,5334,3682,3493,2125,987,837,2453,3031,4849,168,5341,5544,2730,838,192,760,1818,1751,9126,6728,1209,3997,698,1085,943,4933,1103,3885,4486,7864,52,1927,1574,941,4107,1371,3747,8046,3919,4829,5177,145,1104,4012,700,374,423,487,5900,136,5887,1790,654,3483,146
5226,8044,9200,6299,4579,10627,9267,6761,5973,0,3204,10553,10360,10103,3893,10548,3424,9448,8137,10526,182,2815,3234,8076,9260,10839,9346,6667,9802,10693,6940,4458,1061,5821,10696,7202,9661,8027,3537,2620,10853,1777,4411,9937,6642,7373,11168,6551,9787,10062,11120,10959,8156,10332,9628,7959,7569,7528,9853,10645,3823,2513,2487,5140,8794,4813,11107,10979,7862,11139,8015,5274,5905,8041,9781,11098,6139,2907,2185,4536,5283,10848,9665,8787,2886,6156,8150,11026,5449,10962,10947,1343,9580,8287,1967,10500,6744,193,7322,8613,10921,8795,1527,3840,9482,9385,2367,7618,10865,9678,9272,1551,2494,7834,8538,8779,9736,9865,725,10121,1623,8216,10850,4678,1506,7133,10171,6826,10571,9566,7211,10127,10901,5847,5268,5565,8911,10204,11055,1243,1899,2167,10159,7611,9715,8105,8510,1181,2715,3128
701,1677,2379,328,2218,5170,5873,5547,101,3204,0,4191,3670,2044,25,8874,356,5801,335,5945,1016,3772,1563,679,4067,3974,4937,348,3590,1490,2424,1312,340,1907,3417,3103,4030,3824,2639,3324,4889,3874,339,882,3386,3930,8181,2666,1063,3574,4153,3533,1892,3740,4521,2848,3697,2087,1383,6415,312,1835,807,4004,1040,3155,4269,6566,4009,8732,4876,1658,1752,1117,2839,6204,1894,1954,4267,370,1760,4023,3306,4501,2634,528,4071,4589,3663,5205,2834,534,8005,231,531,6283,1501,952,999,920,3559,3278,1645,1780,2006,6749,1309,2376,1925,959,1288,590,1362,8086,6032,2549,5902,1020,655,1596,1652,532,4639,4040,4992,659,3180,359,2725,2482,1050,3393,7914,1661,1013,4177,665,2184,4620,753,87,105,1216,5427,1695,4314,690,227,1416,60
386,1514,9523,1121,10009,1655,5707,10793,5352,10553,4191,0,589,9636,6907,10545,7191,8342,1888,8175,7893,11077,5384,6874,6595,1250,10744,8689,9997,6169,560,2266,7832,10699,3651,7023,33,11110,10893,10249,2692,8203,7185,965,8438,10961,8423,5435,234,4250,6657,750,2550,9056,4926,6389,2955,5147,8321,5282,9549,8079,4866,3678,1361,3369,4050,9608,8803,8842,8903,10117,10711,9275,8511,8528,8302,9161,6414,5660,2622,7049,5717,6928,10618,9900,10382,10902,4791,8823,8620,2601,10965,3666,10112,11150,942,8826,9700,9384,8209,10716,5885,6025,7256,8481,7205,9652,6822,2161,7397,3822,9420,4744,1562,4508,10045,4734,9016,9858,5375,710,10579,10661,10122,7405,4548,845,9985,8832,1515,5019,10181,9248,6201,4185,6397,10203,3144,7539,6890,4383,9128,9907,7846,5550,7044,9458,10598,8057
1163,723,4946,3334,7090,3222,5157,7494,3349,10360,3670,589,0,8557,6576,5560,8208,2572,905,2205,7761,10530,2976,3018,1492,13,9229,7617,7580,5160,2183,1373,8264,8640,3841,9294,336,10930,9584,7565,4697,5133,5999,2357,6222,8744,4582,2380,1442,5312,4707,1024,1879,5704,7619,6990,4658,2261,8503,676,8693,4489,5721,1704,367,2291,2121,6370,2629,6401,4769,9018,8646,7691,10518,5963,7829,5583,4924,5063,1454,1544,3621,1326,7721,8559,6074,10593,2061,6425,5524,3230,8670,2999,8589,11115,2981,9606,8211,6861,5057,9417,7812,4145,4170,2588,8468,8246,4453,994,2846,2117,6190,3005,1380,1702,4094,1409,6371,8270,6328,1988,7673,7685,8894,6330,334,2391,7839,5474,4201,2381,4732,8985,7406,1093,6666,9511,638,4957,7344,5242,8325,5920,5859,3201,7300,8453,9443,6905
7216,4211,6106,3916,2297,10300,10779,6884,405,10103,2044,9636,8557,0,2347,8980,1606,7758,3149,6338,9144,8056,6325,2906,4954,7645,890,72,1010,2928,9329,7993,7560,5929,5031,4123,9675,1328,3392,6241,10707,9906,651,3501,10626,6086,8431,4511,4853,7939,3375,6208,9397,640,10189,10560,9989,8643,6018,10708,550,9696,8501,9431,3825,9883,5284,5529,9132,6058,7787,8553,3232,4959,8391,6218,10080,5223,10330,7456,9785,6383,2145,7807,6956,360,5564,2877,10724,9825,714,7543,9591,755,2023,1471,7732,8061,3587,1720,1638,1569,7139,9771,441,9110,10069,2845,764,1676,3942,8131,7474,11064,10484,2946,8854,3503,5977,1767,9382,3444,6670,8344,10698,106,6802,6485,1788,7945,3895,5934,10760,5439,9249,10384,123,62,7822,4080,2584,3655,407,9041,310,10782,2397,2701,7537,872
2127,3915,2301,1193,3345,8125,8840,7536,494,3893,25,6907,6576,2347,0,10166,754,7706,687,7730,1903,2829,2903,689,6532,6497,6489,401,3732,1690,4220,2576,344,1426,3715,5074,7137,2552,2664,5557,5138,5817,1105,2144,3023,3717,8469,5820,2512,3388,4560,6259,2321,4886,3982,2201,4480,4471,627,8420,241,2680,2197,7179,3403,4987,5073,6536,5635,9377,5797,1553,1874,307,1964,5755,1797,2871,7378,239,4092,5362,5149,6600,3167,275,6049,2475,5406,4265,2917,1709,8199,868,606,4334,2578,1133,247,417,5521,2542,3247,2005,4102,8813,1101,1770,2138,2817,1979,1731,2448,10030,8974,4672,7954,1732,1372,1412,2170,1297,4396,4248,5336,1489,5608,1071,3343,1807,2695,3998,8679,720,568,6901,1259,1491,6224,1861,286,644,1152,5923,3311,6705,215,147,652,45
9173,3901,6850,10464,1872,11052,10913,977,6347,10548,8874,10545,5560,8980,10166,0,10354,127,7181,256,10435,8739,3150,5844,183,6017,3880,9011,4149,10802,10013,6060,10916,8504,9558,10856,9133,9888,4743,3083,11142,3847,7544,10632,10491,4753,10101,1957,10488,10481,10573,10342,9796,2776,11084,11089,10364,8930,11116,6962,8996,7380,10746,3551,6059,6438,9974,5485,2568,6341,1724,10932,7207,10336,11175,9363,11076,1916,7329,10496,9240,5592,3303,315,3731,8644,2933,11096,7851,10928,8346,8869,2123,8936,7395,11024,10179,10911,9877,8537,8678,6444,10271,8913,4214,89,11086,7297,9098,6959,6777,6821,7479,7116,6842,1618,2198,7317,6754,10568,10059,9716,9913,3185,8649,7614,3457,10737,10021,9777,10270,5541,7379,10256,11066,4111,9967,9984,9060,3653,10209,9910,10662,2388,7995,10419,10592,8960,10099,8534
2413,3271,8266,456,2783,7533,8120,7325,473,3424,356,7191,8208,1606,754,10354,0,9106,3340,9321,1935,6817,3683,4958,6847,8747,3554,291,5156,5046,4844,4631,1423,6322,6756,297,6783,3654,3605,3665,9848,6520,88,2137,9415,8138,10910,3057,2770,7285,8311,6168,7604,4903,8136,8564,7037,6011,5347,10650,272,6834,1689,5888,3045,6772,9001,9745,9189,10090,8437,5475,4253,5655,3833,10028,6827,4140,5256,4171,5769,9360,4055,8633,5985,1151,6780,7738,8999,10476,6260,1398,10503,751,904,5041,3284,766,4674,4446,5423,5064,486,7024,2181,9598,4402,4416,5215,2445,5942,3225,4359,10052,8019,4196,9733,5657,2076,4331,3649,1572,9626,8200,8294,229,8214,2069,5088,8835,521,7859,10990,4135,4945,8278,288,2655,9681,1252,20,75,2132,9342,1481,8933,2682,564,5238,285
5340,1214,4316,8495,1495,10794,10631,2082,4363,9448,5801,8342,2572,7758,7706,127,9106,0,2977,19,9046,7072,662,2535,49,3166,4747,7254,2140,9818,6254,1782,9866,6693,5279,10239,5785,9107,3616,3517,10621,1601,6159,9191,7661,3708,7962,1649,8385,6699,9301,9032,5403,1701,9729,10104,6342,7579,10754,4296,7050,4464,9823,1694,4160,2086,7440,1995,1424,3246,137,10393,6511,7609,11151,5486,10614,616,5868,7879,6895,3639,1335,5,2689,6472,3961,10804,3956,9381,6114,5511,715,6966,5829,10750,6519,9918,6867,5526,8383,3952,8610,4439,3896,1,10406,3492,6752,5023,4879,3510,6253,4139,3644,406,2677,4655,5086,9855,6503,6175,8865,1473,4942,6193,2105,9014,9634,6726,8322,1303,5354,6951,10078,1640,8690,8478,6378,2027,8768,8127,9950,371,7442,9307,8096,6584,8106,5853
608,585,1522,1077,3749,5988,8226,7159,635,8137,335,1888,905,3149,687,7181,3340,2977,0,2430,5084,6751,1281,165,2160,784,6759,1878,2421,1386,1399,544,3360,3640,461,6674,2058,6958,5091,6568,2285,4602,2503,932,2618,4735,2703,3389,566,831,1613,2146,358,2337,2384,2365,1791,3418,2264,3122,2469,2794,4256,3837,863,1853,717,2114,2975,4010,2394,5234,4481,964,6029,1336,4190,2497,6753,712,2592,1379,1685,1981,4533,1905,5751,4623,2591,2064,1186,1703,5818,752,3362,8578,864,5343,1099,776,4003,3126,5081,1269,2633,4212,3776,1705,674,748,1088,1318,4318,6851,4442,1087,5542,305,3462,3131,2537,223,4124,4195,5862,2333,1337,758,4459,1142,2017,352,5146,1729,1889,3145,2106,2814,1074,2434,2626,2141,2802,3114,3383,5360,546,2491,3754,1116
6098,1316,3602,8541,2053,10731,10781,2929,3835,10526,5945,8175,2205,6338,7730,256,9321,19,2430,0,10029,8247,1633,1890,47,2124,4326,6648,1461,8766,7257,2890,10313,6810,4210,10415,6206,8892,4571,5116,10497,4001,6213,8490,8502,3902,5277,2210,7723,6486,7238,7929,5744,860,9935,10320,7427,7774,10528,4208,7104,5992,10264,3361,3563,3844,5150,1019,1858,1766,450,10482,6443,7195,11141,3487,10714,1480,8103,8257,7783,2133,1054,57,3967,5978,3978,10268,5629,8615,3720,7069,1254,6014,6470,10546,7206,10543,6476,4551,6599,3481,9648,5838,2868,110,10722,3506,4506,3853,3834,5097,7263,6572,5272,365,2685,3260,6458,9007,8285,5877,7574,2606,7576,5674,1462,9023,8580,6077,8440,937,4917,7351,10321,3259,7845,7149,4523,3328,9158,8686,9095,957,6278,9730,7469,7355,8792,5982
2149,5975,7043,2668,5028,6738,4162,6417,3189,182,1016,7893,7761,9144,1903,10435,1935,9046,5084,10029,0,4199,3110,5822,8160,9063,9202,4880,9750,8341,4435,2873,116,4395,9988,5720,6523,8648,4980,2640,8893,2246,2504,6076,4388,6988,11097,4759,6078,9207,10639,9004,5204,9927,8486,4841,6366,2624,6708,8671,3139,1070,154,3615,4702,3848,10584,10895,5624,11102,8364,1880,4385,6237,6716,10963,2004,3611,1086,1776,1172,9409,9057,7634,3081,5263,6066,10657,2954,10007,10245,350,10089,4413,1792,10643,4461,125,6134,6994,9490,9180,1136,2465,7563,8966,653,8088,9747,6243,5952,326,792,6426,6561,7603,7836,6681,280,7651,1468,5153,9595,5446,3011,5206,7481,2186,8594,7314,4302,9347,9969,6054,2399,3379,6323,9571,10043,1164,584,418,7951,8173,7302,3010,6853,1067,2245,2131
9205,9208,2611,9722,2135,11112,10938,3566,4891,2815,3772,11077,10530,8056,2829,8739,6817,7072,6751,8247,4199,0,4460,2912,7652,10587,7218,4668,5590,9550,10309,6560,3614,333,10280,10663,10971,2066,388,3157,10939,4282,5413,10590,4556,363,10953,8403,10667,9936,10673,11051,7950,7831,10407,8119,9852,8345,8144,9958,2174,1959,7953,9124,9461,7842,10758,8851,3867,10954,4994,3498,884,2719,10660,10034,6463,1374,8666,3875,8462,8457,9283,6385,176,1982,4391,8575,6939,8972,8607,6637,3477,8143,583,7210,9871,4498,1840,2398,10147,2822,8623,3753,8445,7888,6022,3725,9028,9630,4993,4142,1753,10680,10861,8349,6073,6993,985,6597,6092,9699,6265,377,2778,6947,8661,9476,8141,4278,10401,8317,7955,3648,6442,7997,8941,6903,10669,2299,4772,6430,8149,3331,8973,9640,6251,706,174,1909
960,355,5009,3197,913,9772,9556,3484,2148,3234,1563,5384,2976,6325,2903,3150,3683,662,1281,1633,3110,4460,0,2067,848,4586,4892,4087,2308,8870,1293,71,4470,5402,3169,5772,2924,7106,1900,2101,8958,150,2737,6257,4580,4575,9826,1122,4845,2855,9516,8130,2306,2667,4824,6499,1340,6152,9214,6056,2958,1974,5197,425,3084,124,8087,3687,2827,5332,242,8421,5601,4827,10428,6356,8312,93,2002,3314,3758,6320,984,597,1886,3623,5476,10350,1743,8967,6998,540,2294,4427,2439,9620,1255,3282,3977,4179,8944,2908,1860,1068,3965,851,5304,1311,6743,4101,5308,515,3960,1972,1390,403,5773,4767,1747,9072,594,1992,9573,1307,874,3412,4151,4436,9481,5857,3074,1169,8218,2089,5420,800,5600,6669,7719,194,3226,2616,8656,558,6457,7655,3984,1857,4384,1800
3454,2581,91,4292,2363,9165,9601,4750,762,8076,679,6874,3018,2906,689,5844,4958,2535,165,1890,5822,2912,2067,0,2249,2252,5647,1619,1504,1609,5492,1920,3832,658,2248,9390,6641,3944,2464,5411,5297,4940,2966,3733,1973,910,2532,4745,3771,3059,1987,5598,1270,2038,5684,3405,5183,3800,2221,3296,1746,1803,6065,6141,2405,4051,1559,1608,1251,5504,1938,3391,1381,224,8234,1387,3989,1564,8382,828,4226,595,3221,1642,1647,785,3175,2638,3429,1253,622,4096,2921,1599,1759,6919,4403,6492,221,48,3799,1346,7884,1479,2910,3925,5058,1249,628,2029,268,2079,2577,9210,8256,2191,3019,178,2358,1590,4729,2484,1108,1411,5520,2945,1257,3212,2766,205,6013,818,2478,1745,2942,4534,3431,2030,1850,2412,3557,3932,2348,1793,3702,6167,926,1598,1351,834
4078,469,4263,6101,841,9682,9455,1238,1902,9260,4067,6595,1492,4954,6532,183,6847,49,2160,47,8160,7652,848,2249,0,1824,2196,4784,1738,8122,5758,2063,9188,6390,4975,8442,4233,8236,3354,2098,10501,2312,3190,6618,8740,4033,7412,318,5987,7174,7480,6051,5949,721,10002,10278,7117,5394,10346,4313,5273,4861,8392,1187,1483,2904,5891,2894,1634,3170,843,9799,5035,7688,11073,5958,10345,829,4585,7605,5484,2602,565,59,2902,4982,2072,10460,4878,9589,4245,4444,2686,3798,4445,10397,5869,9322,6920,4925,4740,3964,7031,5625,1053,81,10251,3981,4603,1908,3217,3026,5005,4685,3040,85,1864,2978,3973,8210,6926,4407,7942,2779,6952,3101,1006,7292,7244,7066,5739,1868,6138,7498,9972,1848,5597,6750,4854,1266,6704,5737,7980,1741,3657,8297,7415,5563,8324,4352
2449,1403,3676,4246,7520,3756,6126,7897,3096,10839,3974,1250,13,7645,6497,6017,8747,3166,784,2124,9063,10587,4586,2252,1824,0,9153,7189,7162,3283,4131,2751,8881,8066,3647,9973,1264,10837,9752,8558,4562,7274,6285,2099,6692,8243,2109,3512,1576,5786,2327,708,2374,5159,8482,7334,6421,2425,7429,641,8659,5434,6963,3909,415,4422,747,5588,2699,5935,5630,8783,8064,6948,10468,4549,7875,6596,7416,5261,2463,529,4157,1799,8091,8054,5719,9809,3538,4868,3430,5258,8848,2518,8731,11080,4583,10305,7553,5666,3323,9148,9369,5270,3660,3572,9236,8316,2571,718,1710,3536,6647,6023,3741,2244,3617,604,7223,6614,8240,2508,5580,8126,9982,6220,142,2887,6063,4351,5380,2375,3638,9213,7860,2683,6163,8759,95,6202,7960,6209,6934,6695,5078,3957,6869,8777,9474,6965
8885,4317,8063,7513,302,10950,10851,1748,1439,9346,4937,10744,9229,890,6489,3880,3554,4747,6759,4326,9202,7218,4892,5647,2196,9153,0,1358,1283,8928,10311,8412,9568,7126,9102,5416,10205,2293,1408,1680,11157,7669,935,8467,11003,5124,10764,1525,9123,10466,9304,9471,10689,553,11065,11109,10748,9159,10624,10833,1783,9533,9507,7170,5038,9635,9869,7310,7991,7413,6113,10119,3242,9219,11036,9876,10986,2636,8619,10085,10100,8289,1856,5458,4490,2010,2670,9631,10715,11044,4710,7964,7777,3629,1869,5113,9774,9013,7755,5477,3926,2431,7025,10365,323,5636,10940,4616,5514,3856,6211,7998,6694,10820,9908,1977,6649,6971,4749,6590,9948,7459,9469,6339,10294,543,7099,9808,5199,10289,6604,7994,10863,8639,10923,9462,2455,2823,10230,1926,4720,5443,4979,7657,1081,10926,8053,3805,9009,2637
4569,3423,4230,1846,1333,9168,9679,5371,65,6667,348,8689,7617,72,401,9011,291,7254,1878,6648,4880,4668,4087,1619,4784,7189,1358,0,1518,2116,7343,5469,2992,2967,4981,2708,8599,729,1622,3782,9813,7698,100,2415,8867,4108,9076,3448,3522,6719,4161,5867,7229,1508,8831,8674,8465,5940,3346,10094,23,6594,4555,7739,2735,8052,5709,6336,7259,8021,6697,4612,1323,2555,5345,6887,7015,3050,8388,3744,7182,5854,2724,6824,3995,35,4081,2672,9352,8676,1401,4042,8860,306,354,1583,5466,3562,1612,840,2142,1402,3898,7047,669,8518,6615,2012,1197,1431,2473,4576,3827,10796,9719,2935,7581,2466,2292,962,6233,2163,5385,5890,9053,38,5813,3525,1418,5650,2373,5482,10200,2995,5687,8961,73,188,7450,1627,397,979,258,7624,384,9426,1167,439,3576,51
7038,2436,4665,6927,765,11054,11108,5089,1849,9802,3590,9997,7580,1010,3732,4149,5156,2140,2421,1461,9750,5590,2308,1504,1738,7162,1283,1518,0,7346,8220,4748,9139,5440,2467,7858,9413,1761,1244,5619,10799,6721,3082,7714,9553,3442,7347,4221,7517,4663,6419,9404,7488,40,8819,10273,7518,9999,9059,10056,1635,8386,10284,7515,5939,6645,6087,496,6734,1365,1321,10134,4535,3921,10803,2438,10702,1314,10063,7357,10131,5850,455,3008,4238,878,6127,5733,9583,9141,1475,7250,2579,4232,2652,2747,6606,8952,2317,1320,6440,42,7972,7228,1904,3910,10326,190,2225,4503,5129,7063,8221,10533,9333,767,7826,4600,6102,6277,7362,4346,7906,3301,8083,1765,6321,8859,6892,6480,6500,1349,9798,2390,9466,8743,3252,738,8286,2654,5913,6819,4927,2392,3950,10969,2433,3078,6531,1603
5591,6495,2561,3098,8473,4907,7790,9860,1304,10693,1490,6169,5160,2928,1690,10802,5046,9818,1386,8766,8341,9550,8870,1609,8122,3283,8928,2116,7346,0,8487,7644,5061,4424,5576,9151,7976,7902,9094,9743,4344,10601,3769,695,7299,7224,3193,8229,1715,7473,144,1646,5067,6563,8993,5800,9664,3253,380,6873,4085,7303,5379,10136,2096,9880,742,8454,7109,9892,10016,3227,4181,2411,3539,5584,3575,9036,10514,2712,5460,1844,7971,8778,8571,2960,6567,1507,8975,2780,790,7391,10784,437,5575,8994,7255,8873,3092,1585,1033,7676,9690,7642,3790,10400,6937,7815,292,1059,670,6411,5724,11030,10583,7283,7482,276,6547,184,9562,3012,1350,9612,10915,3416,3137,1723,497,2400,5603,6613,7439,7470,4451,9693,1667,3004,1313,7867,3917,4021,252,10211,2088,6273,2481,5374,6188,2998
28,782,9049,911,7865,6235,8535,10296,4875,6940,2424,560,2183,9329,4220,10013,4844,6254,1399,7257,4435,10309,1293,5492,5758,4131,10311,7343,8220,8487,0,203,4771,9944,2192,5166,294,10810,9338,8808,3641,3367,5930,3048,5459,10449,10032,4737,1165,1207,9328,5098,1025,8045,1102,3842,103,7022,8358,7054,7173,5338,4146,1672,3309,325,7145,7957,8077,7949,4832,9717,10281,7094,8032,7750,7511,5148,3980,3134,3030,8839,3821,5278,9025,8186,10369,10828,2409,8876,9265,385,9724,4932,8042,10989,6,4194,7246,7996,10164,9062,1855,1951,7912,6582,3470,5703,8109,4520,8348,1436,8359,2177,661,2965,10269,6304,6432,10275,466,395,10826,8591,4724,6573,6723,1182,10640,7922,1017,2700,10391,4283,3194,2350,6534,9456,7009,3862,4538,2772,9655,6311,8946,7128,4291,6035,8635,5106
172,390,4792,2028,3588,7861,8414,6654,2841,4458,1312,2266,1373,7993,2576,6060,4631,1782,544,2890,2873,6560,71,1920,2063,2751,8412,5469,4748,7644,203,0,3530,6154,2077,6768,1018,9395,5087,4955,4864,549,4275,4401,2300,6506,8784,2515,2595,1305,8612,6149,410,5047,2013,3071,259,4950,7602,3855,4708,1498,3954,581,2483,7,6182,4550,3016,6203,908,7682,7276,4064,9372,5525,6019,1039,2387,1595,1896,5533,2214,1146,3873,5267,7369,10254,492,6673,7236,264,4514,4193,4485,10589,278,3428,3971,4539,9206,5447,2360,289,5759,2047,3039,2586,6400,3677,4934,254,4543,1218,769,1119,6748,3664,2753,9039,244,954,9314,2879,1212,5142,3445,1993,9713,4336,2507,853,7165,2211,2789,458,6210,7966,5505,1089,3668,2541,8773,1366,7636,5438,3235,3077,4691,2740
2423,6737,5182,1922,6026,6860,5909,8484,2401,1061,340,7832,8264,7560,344,10916,1423,9866,3360,10313,116,3614,4470,3832,9188,8881,9568,2992,9139,5061,4771,3530,0,2728,8800,6137,7585,6838,5185,5351,6219,5080,2471,4300,2831,6314,10887,7088,4647,7501,9293,8332,3672,9659,6291,2094,5947,3142,2209,8917,1794,1534,320,6837,5024,5350,9445,10575,6498,11057,8849,620,3443,2669,2407,10409,503,4815,4636,373,2019,8601,9212,8793,3923,2997,7184,8223,4182,7554,8765,930,10250,2950,1449,9410,3968,158,2860,4008,8727,7924,2351,2070,7631,10092,97,6603,7674,5669,4429,902,1301,9351,8950,8298,8817,4780,719,4502,1764,3779,7558,5946,4484,4544,7647,1096,6533,4472,4159,8590,9691,3606,448,6030,4565,7282,9160,2437,299,421,4843,8603,6620,3911,3285,517,871,971
8023,8290,206,8254,3052,10551,9780,3514,2393,5821,1907,10699,8640,5929,1426,8504,6322,6693,3640,6810,4395,333,5402,658,6390,8066,7126,2967,5440,4424,9944,6154,2728,0,9306,10652,10532,2792,1552,4115,9581,6118,4155,8434,2687,96,8843,7572,9109,9356,7190,9961,5554,6739,10110,5676,9870,4031,3505,6593,1983,1140,5944,9105,6281,8197,7917,7828,1537,10751,5970,734,102,887,9418,8170,2768,2645,8889,1666,5532,3106,8924,5253,375,1226,1912,4621,5553,4264,4374,6475,4944,4450,744,7712,9405,5860,795,559,6282,3461,9376,3208,6015,7629,5121,4700,4713,6286,709,3178,609,10720,10757,7529,2704,1928,898,1641,7377,8180,892,997,5875,5401,4281,6747,2852,832,9786,6930,3366,4598,4454,7160,6675,5003,7268,3133,3879,5136,3903,4524,5955,6225,4495,1043,120,1434
2551,1319,6771,3357,7291,10242,11028,10595,4128,10696,3417,3651,3841,5031,3715,9558,6756,5279,461,4210,9988,10280,3169,2248,4975,3647,9102,4981,2467,5576,2192,2077,8800,9306,0,8114,4236,9195,8574,10411,4826,8458,6788,3546,7398,9468,3865,7365,2039,70,3939,5686,1956,2830,1334,6040,1444,9939,6579,8657,5872,8918,9783,7446,5076,3750,1830,927,8907,1001,3239,10564,9845,3518,8855,431,9929,5752,10422,4684,8931,6133,1363,5228,9543,4939,10493,6668,7612,5455,2799,5470,7641,4348,8232,8821,1115,9184,3302,3245,8767,3808,7776,4793,6153,7030,8476,1453,2139,4029,6779,6448,10244,9419,6501,1832,10451,3992,9332,8456,4630,545,9515,8371,8799,5329,6577,4379,9576,5344,3502,163,9986,1898,5695,7974,4660,3679,4483,6627,7249,6878,6812,5060,7592,10633,813,6785,8909,4270
3410,3565,10912,891,5910,8614,9668,9943,2825,7202,3103,7023,9294,4123,5074,10856,297,10239,6674,10415,5720,10663,5772,9390,8442,9973,5416,2708,7858,9151,5166,6768,6137,10652,8114,0,6344,8653,8132,6781,10883,8755,1125,3584,11014,10907,11134,3620,3661,8914,10383,7105,10066,6789,9609,10787,8165,9416,9951,11092,3154,10341,4701,6288,4837,8271,10483,10726,10914,10260,10042,10375,9623,10190,7530,10927,10569,7499,6379,9084,8786,10917,4200,10149,10086,5680,10027,10745,10623,11130,9541,2881,11072,2901,5373,8804,3937,3453,9683,9436,8377,8825,468,10105,3846,10447,8818,7736,8719,4227,10022,6770,9279,10187,7201,4956,10976,9521,6828,9425,5995,2370,11081,10723,10395,1138,10248,4596,9463,10984,246,9639,11166,8093,9316,9749,1233,6429,10815,3669,1292,1015,6549,10774,3513,10692,6707,4659,10310,3304
201,611,9334,1413,8709,2614,5275,9904,4915,9661,4030,33,336,9675,7137,9133,6783,5785,2058,6206,6523,10971,2924,6641,4233,1264,10205,8599,9413,7976,294,1018,7585,10532,4236,6344,0,11070,10440,8741,4918,5069,6280,2090,8117,10743,9399,2936,771,4622,8474,1688,2623,8182,5612,7247,2272,4640,9617,4494,9182,6546,4404,1069,1107,1415,5823,9199,7233,8319,6820,10174,10474,9545,9928,9008,8812,7079,3337,5960,1866,7076,4205,4447,9819,9731,9588,11038,3047,9676,9152,1354,10515,4209,9487,11149,772,7956,9758,9467,8584,10461,4218,4894,6346,5586,7270,9067,7870,2298,7402,2206,8447,1610,211,2659,9074,5243,7531,10274,3859,988,10706,9886,8688,6894,3738,1488,10263,9116,1451,4360,9885,9000,7006,1648,6877,10372,4368,5245,6447,3803,9782,8436,7699,5053,7805,8814,10390,7555
10050,8904,5841,8836,1739,11146,11131,6173,2709,8027,3824,11110,10930,1328,2552,9888,3654,9107,6958,8892,8648,2066,7106,3944,8236,10837,2293,729,1761,7902,10810,9395,6838,2792,9195,8653,11070,0,537,5578,11105,9491,2625,9721,10231,2647,10817,8404,10224,9868,9327,10934,10351,3380,10761,10634,10690,10368,7748,11068,317,8926,9863,10625,9355,10467,10233,7454,9276,9995,7628,7526,1556,3784,10024,9096,10097,3766,10766,7541,10756,9457,6709,9237,3578,159,6318,3851,10872,10399,4479,9090,7582,5478,575,250,10162,6836,1998,1513,7833,510,8742,9388,4677,10023,9788,2046,5367,8153,6292,8830,6543,11153,11094,7197,9586,7387,4542,3869,9320,8673,7463,4885,9446,2219,9978,9920,5192,7821,9224,8576,10873,3700,9312,10845,3662,699,10827,4024,3780,6284,3127,7778,4604,11050,3773,983,3329,803
7665,5408,3899,7840,67,11056,10897,1237,1971,3537,2639,10893,9584,3392,2664,4743,3605,3616,5091,4571,4980,388,1900,2464,3354,9752,1408,1622,1244,9094,9338,5087,5185,1552,8574,8132,10440,537,0,934,11034,3046,1833,9597,8001,686,10775,3777,9763,8949,10087,10709,8545,2377,10290,9949,9129,8451,9204,10180,561,4068,7958,6466,7144,6502,10216,5896,4392,9136,2459,6611,897,4137,10770,8939,9305,217,7108,5819,8736,7799,4088,3838,283,617,2706,8356,8097,10144,5997,5203,2443,5424,129,3914,8498,4493,2441,2052,8172,539,5756,5462,3486,4650,8365,1299,6801,6897,4830,4059,2710,10148,9873,3434,5495,6178,1022,6131,5661,7500,7591,574,3886,2355,7323,9030,6791,6529,8140,5927,9424,3065,8477,7178,5219,3295,10392,478,3070,4496,6172,2340,5006,10299,5051,409,1821,707
6183,4387,6274,6841,277,10068,7608,107,2042,2620,3324,10249,7565,6241,5557,3083,3665,3517,6568,5116,2640,3157,2101,5411,2098,8558,1680,3782,5619,9743,8808,4955,5351,4115,10411,6781,8741,5578,934,0,11079,1463,1198,8945,9359,2957,11048,613,9220,10629,10670,9761,9407,4909,10980,10644,9960,4298,10486,8902,2720,3088,4469,2228,3929,5842,10679,9905,2989,10605,4977,6493,1725,8882,10994,10882,9242,740,1430,7613,4887,7818,5211,3027,623,4046,657,10898,6436,10955,8983,3196,6351,4787,797,9983,8789,4578,7913,6790,6774,5921,3891,6829,2346,3156,8895,6816,9099,5020,4976,2078,945,7167,6942,3342,2589,6651,337,7926,6558,7999,9171,2403,5387,2632,5037,8107,6982,9255,6902,8827,9406,8660,9803,3469,5961,8379,10194,171,2824,2745,8134,5294,3817,7306,9345,1932,5214,2711
3229,7813,7118,4800,10988,6003,9451,11128,8275,10853,4889,2692,4697,10707,5138,11142,9848,10621,2285,10497,8893,10939,8958,5297,10501,4562,11157,9813,10799,4344,3641,4864,6219,9581,4826,10883,4918,11105,11034,11079,0,10370,10182,3555,2836,10789,6250,10704,2446,3408,5579,5239,598,10836,2231,485,4062,7045,2609,5496,10084,7005,7029,9979,6664,6740,3364,9931,9186,10759,10184,7801,10637,4607,5000,6803,3112,10472,10604,1624,4669,6832,10373,9837,10719,9875,10985,9185,4794,1683,8654,6315,10999,6776,10504,11140,3437,9386,6482,7290,10308,10813,10135,3597,10664,10830,3463,9806,6883,7134,6710,5782,9720,10035,9245,9842,10747,4189,9851,8761,6377,3326,8726,10597,10093,10379,7278,1435,10116,3377,7575,5998,8543,7444,1277,8310,9450,10363,3179,10229,8751,7742,9075,10201,10566,5972,4643,9534,8682,8595
2643,2486,6687,6491,2048,10331,9093,2883,5107,1777,3874,8203,5133,9906,5817,3847,6520,1601,4602,4001,2246,4282,150,4940,2312,7274,7669,7698,6721,10601,3367,549,5080,6118,8458,8755,5069,9491,3046,1463,10370,0,5210,9423,4819,5235,10978,2068,8530,7460,10949,10183,4430,7114,8415,7977,3797,6072,10599,6262,5919,1091,5231,341,5452,349,10565,8361,2382,9857,1192,8508,6540,7869,11008,10142,8572,327,683,5056,3250,8483,4865,1190,1450,7092,5510,11069,1057,10388,10217,939,3264,7765,3709,10960,4186,3775,7237,7616,10477,6888,3056,1370,7227,1223,5836,5128,10113,7396,7239,428,2987,978,1963,2762,5316,7552,1329,10495,1204,6104,10457,1220,321,7032,5632,6899,10606,7899,6682,4961,8336,5605,7221,316,9288,10186,9895,408,5247,4307,10576,1201,9251,6633,8459,3352,4901,4529
2864,2092,5593,1060,787,6922,6691,3085,37,4411,339,7185,5999,651,1105,7544,88,6159,2503,6213,2504,5413,2737,2966,3190,6285,935,100,3082,3769,5930,4275,2471,4155,6788,1125,6280,2625,1833,1198,10182,5210,0,2110,9209,5014,10291,873,3029,8212,6490,4695,7534,2226,9641,9302,8282,3553,5880,9483,198,5301,2018,4258,1150,6456,7449,8480,6105,9121,6623,4619,1582,5388,6924,9341,7019,2255,4129,4554,4540,6334,2451,5539,3249,639,2385,7277,8100,10067,3791,1862,9271,248,345,5320,4789,2331,4345,3002,2020,3609,1519,6856,293,6896,6329,4061,3200,801,2869,2510,2155,9499,7243,2056,6002,3097,974,2498,5271,2120,7267,5892,8299,14,4656,2748,2222,7561,1173,6690,10253,5299,6610,6407,186,2016,7852,477,126,208,1282,7775,210,7471,3601,569,4765,240
1126,2295,6854,152,8000,1261,4908,9994,980,9937,882,965,2357,3501,2144,10632,2137,9191,932,8490,6076,10590,6257,3733,6618,2099,8467,2415,7714,695,3048,4401,4300,8434,3546,3584,2090,9721,9597,8945,3555,9423,2110,0,8547,9942,6773,4683,10,5227,1716,139,4077,6160,6496,6119,6231,3062,2557,7320,4362,7650,2495,6706,460,7004,1787,9058,8466,8959,9524,6313,7516,5667,2844,7311,5305,8355,7886,3384,3136,4798,4883,8058,9546,4773,8167,6797,7635,7078,3279,3015,10958,148,6312,10106,2265,6375,6083,4900,2189,8910,4897,7051,2734,9708,5688,7786,1615,236,3172,4148,6766,9741,6578,4370,9115,1496,6310,3093,6598,301,7340,10258,10578,1968,3719,173,3508,6439,567,5743,10026,7335,4306,7436,713,4874,2339,5767,2040,1185,1653,10223,1757,5572,2900,5503,8703,3061
4510,7802,1842,7689,8858,9955,9751,9711,7034,6642,3386,8438,6222,10626,3023,10491,9415,7661,2618,8502,4388,4556,4580,1973,8740,6692,11003,8867,9553,7299,5459,2300,2831,2687,7398,11014,8117,10231,8001,9359,2836,4819,9209,8547,0,4947,8718,9830,7727,5134,9187,9945,383,10293,4315,220,4169,5361,4222,3243,7740,471,5928,7894,7711,3240,7715,8521,2722,10860,5582,3220,6639,1410,9020,7388,1200,5286,8455,266,3055,5322,10033,5694,4217,7225,8987,9277,624,1441,8947,4262,6569,8038,6542,11007,5436,6057,2359,3807,10603,8616,9367,86,10423,8276,1280,6680,8410,8775,4053,1602,3881,8030,9081,8864,7366,3866,4119,8147,2937,6607,5723,3119,2526,10011,5693,4353,9807,514,9710,4807,3001,3815,737,3876,10156,10017,6305,6216,7180,6960,9587,3946,10586,4138,4831,4828,1242,5456
9203,7810,372,9760,1482,11011,10678,1417,3182,7373,3930,10961,8744,6086,3717,4753,8138,3708,4735,3902,6988,363,4575,910,4033,8243,5124,4108,3442,7224,10449,6506,6314,96,9468,10907,10743,2647,686,2957,10789,5235,5014,9942,4947,0,8948,6548,10196,9847,8549,10577,7273,4679,10736,8900,10288,6084,7621,6916,2972,2074,8834,8618,7113,8151,8781,5886,986,10065,3600,3872,243,2460,10946,7756,7151,1357,9146,4597,7600,3089,7639,2983,115,1805,1175,6898,6459,6570,4518,7935,1779,6174,1134,8026,10118,8390,1828,1065,6981,2157,10054,4615,5363,4752,8733,3934,5552,7140,1359,4500,1469,10609,10675,6010,1557,3054,1586,3924,8638,9286,1906,249,5809,5852,4041,9299,4552,2113,10434,6075,3165,5617,8159,6879,8025,5519,8189,2805,6324,7385,6145,2303,6512,8617,6413,2107,992,2545
9318,7658,3455,9737,10410,10505,11045,10847,7293,11168,8181,8423,4582,8431,8469,10101,10910,7962,2703,5277,11097,10953,9826,2532,7412,2109,10764,9076,7347,3193,10032,8784,10887,8843,3865,11134,9399,10817,10775,11048,6250,10978,10291,6773,8718,8948,0,10389,6646,6650,601,5837,5422,6745,9663,8956,9993,9290,6732,5125,10137,9953,10973,10819,6541,10151,130,3338,7376,5646,8669,10453,9692,5326,10885,798,10128,10107,11135,7804,9934,981,8222,6999,10439,8692,9915,5659,9689,1698,1317,10695,9578,6713,10557,10967,9625,11133,6215,4150,6249,8716,11132,9038,8326,9261,10918,8522,1262,5366,3333,9968,10534,11061,10831,7437,8577,1509,10732,6297,10904,7073,3610,9963,11067,9698,3435,8563,7087,3003,10448,3129,4811,9478,9705,10199,9068,7545,488,10611,10765,10659,7146,8964,8919,10344,6217,10536,10267,9295
2477,479,7198,3094,835,7077,6031,1287,1051,6551,2666,5435,2380,4511,5820,1957,3057,1649,3389,2210,4759,8403,1122,4745,318,3512,1525,3448,4221,8229,4737,2515,7088,7572,7365,3620,2936,8404,3777,613,10704,2068,873,4683,9830,6548,10389,0,4491,8916,9042,4742,7607,2173,10394,10502,7656,3586,10333,6871,3900,5172,4414,402,634,3411,8430,7947,3802,7411,3811,9027,5015,9246,10866,9792,9914,1458,1215,7768,3569,5768,1139,1406,3742,5072,1958,10854,5748,10791,6775,1924,7504,2166,3107,10459,4974,6359,8628,7095,4070,6433,2650,6918,500,1459,9427,6195,6437,1137,4606,1940,3541,4060,1921,394,3451,4570,2202,8121,5864,3466,9638,5397,7493,1295,2344,5220,6794,9383,2419,5537,9498,8631,9748,1939,3305,7418,7284,435,3173,2036,7187,5522,1801,6855,8260,4215,8699,3317
387,1265,7309,94,8152,1626,5741,10228,1561,9787,1063,234,1442,4853,2512,10488,2770,8385,566,7723,6078,10667,4845,3771,5987,1576,9123,3522,7517,1715,1165,2595,4647,9109,2039,3661,771,10224,9763,9220,2446,8530,3029,10,7727,10196,6646,4491,0,3079,2619,251,2506,6151,4206,5135,3612,3940,3581,6671,5224,7304,2923,5229,582,4802,1813,8224,8362,7780,8520,7670,8782,5766,3694,6340,5874,7763,7188,3090,2885,5280,3906,7119,9685,5690,9100,8135,6205,6880,4277,2059,10823,524,7161,10490,799,6180,6194,5479,4188,8875,4165,5653,3686,8981,5187,7061,2369,462,4312,3339,7550,8250,4350,3356,9486,2000,6795,5306,4820,61,8681,10073,10015,2858,3904,119,5974,6468,346,4095,10001,6393,3695,6042,1484,5878,2343,5515,2721,1486,3519,9600,3280,5807,2642,5931,8942,3564
2054,2461,7441,3796,8494,10554,11053,10905,5899,10062,3574,4250,5312,7939,3388,10481,7285,6699,831,6486,9207,9936,2855,3059,7174,5786,10466,6719,4663,7473,1207,1305,7501,9356,70,8914,4622,9868,8949,10629,3408,7460,8212,5227,5134,9847,6650,8916,3079,0,6987,8092,895,5981,108,3318,262,10236,6505,9015,6659,7934,9444,7556,7091,2335,4328,2309,9241,3591,3390,10426,10312,3007,8227,1369,9125,5856,10226,3121,8630,8231,3440,6365,9544,6081,10906,8148,6044,5181,5964,4355,7785,6392,8573,9718,502,7773,3049,4261,10492,5102,7102,2594,8982,8158,5956,1639,5027,6698,8284,5499,10246,8757,6420,3739,10834,5790,9183,9701,2136,870,10255,8002,6402,7512,8419,4167,10612,5096,4361,389,10214,883,3288,7484,6975,6034,6676,6859,7301,6970,8820,4654,9784,10561,802,6416,7854,4693
7392,6369,3471,5616,9344,7716,10237,10471,2832,11120,4153,6657,4707,3375,4560,10573,8311,9301,1613,7238,10639,10673,9516,1987,7480,2327,9304,4161,6419,144,9328,8612,9293,7190,3939,10383,8474,9327,10087,10670,5579,10949,6490,1716,9187,8549,601,9042,2619,6987,0,1895,6016,5244,9473,8353,10004,6515,2342,7080,6798,9579,9421,10588,3108,10318,55,5936,8129,7374,9790,8047,7042,3953,7762,2665,8098,9779,11017,5761,8463,1310,7010,8427,9975,4888,8333,1975,10012,2891,233,9624,10642,1530,8531,9695,8360,10783,4625,2311,1428,7653,10797,9232,4273,10139,10038,7881,64,1493,1510,8932,9120,11093,10727,6628,8401,464,9526,1315,10581,3857,2216,10215,11078,5163,3146,4505,1730,3406,7428,5040,7570,8636,7877,10322,3177,3274,579,9539,7857,7747,1217,10161,3373,9254,3421,8536,9222,5652
2608,2915,7909,1548,9447,650,4014,10140,2590,10959,3533,750,1024,6208,6259,10342,6168,9032,2146,7929,9004,11051,8130,5598,6051,708,9471,5867,9404,1646,5098,6149,8332,9961,5686,7105,1688,10934,10709,9761,5239,10183,4695,139,9945,10577,5837,4742,251,8092,1895,0,5881,7333,9529,8976,8760,2729,6117,5488,8307,9003,4899,6839,271,8397,1531,9795,8253,9225,10169,8805,9234,8922,7878,8517,8011,9742,8587,6767,3458,3627,6068,7668,10425,8384,8090,9607,8293,8394,4497,5678,11047,804,9244,11046,5004,9940,9331,7781,1718,10479,8372,9092,3168,9340,9300,10081,2713,216,3626,5901,8273,9567,6271,4962,8242,1726,8581,5358,9519,1654,7967,10805,11025,4462,2175,1225,4574,8179,2410,7040,9561,10292,8274,7279,2897,8340,1076,8016,5912,4018,4268,10666,2656,5162,7163,9166,10539,6985
916,2905,2916,3441,8124,7514,9054,9912,4727,8156,1892,2550,1879,9397,2321,9796,7604,5403,358,5744,5204,7950,2306,1270,5949,2374,10689,7229,7488,5067,1025,410,3672,5554,1956,10066,2623,10351,8545,9407,598,4430,7534,4077,383,7273,5422,7607,2506,895,6016,5881,0,8184,909,284,684,4997,3714,2353,6929,1784,5250,4953,4083,996,3300,5221,3674,8331,3619,6070,8190,1693,7465,3491,2875,4722,7367,362,2250,3858,6403,3681,6357,6481,9303,8687,612,1375,6362,2073,6938,4999,7103,10900,1009,6038,2554,3404,9535,7495,7157,157,8753,6186,1891,4566,5207,5012,3737,1195,5894,5281,4738,4839,8003,2150,5348,7806,1478,1611,6961,5048,3755,8178,3628,1425,9366,1094,5509,1143,4661,2564,736,2472,7933,8592,2784,5209,5914,4963,8334,3489,9362,4530,2273,5193,4093,4417
