0,0.266188090247471,0.130337424766084,0.503119042422452,0.33449872008108,0.214202221752332,0.194197346836201,0.393582323980712,0.595561089958148,0.510828149539462,0.0895794601569701,0.338325981553076,0.403556035229067,0.311170329469152,0.217936682806365,0.304741893052703,0.29250793297048,0.09332074524367,0.486321780090262,0.555217874230609,0.204258849987419,0.392483314258972,0.0636120098481845,0.145075916306286,0.384217094213225,0.345464756644685,0.303584797843371,0.504223683244343,0.116607672710722,0.199640646349527,0.545130089060505,0.30349475056689,0.482255886360229,0.0785288497475562,0.396875057067388,0.409719768875712,0.198944181075831,0.505740252062417,0.246234063149237,0.55548683643324,0.122498787829024,0.194495145236113,0.0887054359596769,0.41873573579397,0.40364958261736,0.182940884119711,0.115951984218578,0.331161807888001,0.268813592760822,0.331313845633288,0.145852360473124,0.27154685423247,0.270880354512912,0.0996371143554877,0.278382666189122,0.565701607315211,0.498404006142367,0.452031885904662,0.520278931627627,0.324192726019366,0.0499868128111968,0.281836629210503,0.334927490673755,0.0403735313469647,0.241960854502668,0.107704096861425,0.143744767149576,0.607432733862003,0.133312864727857,0.142027871130155
0.266188090247471,0,0.184969184891588,0.737284604280565,0.20564603369067,0.383557167216211,0.335483129463091,0.56210712794919,0.82122304830724,0.583626069582002,0.204540661785692,0.392768655387347,0.430227399078406,0.457651752302859,0.274849827675155,0.544286018958943,0.343022671560196,0.328845566180769,0.50979465999225,0.700293928099451,0.220829545671407,0.385639993262039,0.297238065950341,0.336064171090764,0.291945425708827,0.225130252809255,0.481725401841324,0.697995129757381,0.348802064207583,0.166125747495779,0.68782599528587,0.545830283845393,0.658344167178218,0.257367410143294,0.333697914481107,0.660382821622107,0.358196635168213,0.311616070649043,0.499215789350018,0.772089155937198,0.352356762101114,0.410908242033997,0.313487094551123,0.620782903730606,0.586694172924696,0.186826870056705,0.346918212610188,0.57584014697049,0.472640487870957,0.574791649802991,0.348755345197541,0.247804028375191,0.412425639561576,0.331435392375644,0.280059020602634,0.616432543989244,0.673804389579963,0.549349036882086,0.733536682594071,0.379684898477557,0.238831736773235,0.0420148925262928,0.529080617881923,0.281153640290154,0.497036737520885,0.356347257860887,0.158857381251065,0.742470278292146,0.347025658192716,0.395534007932318
0.130337424766084,0.184969184891588,0,0.631839818095787,0.253632481038975,0.311904120216648,0.27281730991618,0.396252098652861,0.72586436880149,0.574706464321949,0.0421537815616248,0.417663001862598,0.427797997813941,0.282701599031089,0.277835990363,0.365204983233399,0.349267591786187,0.221494518828582,0.56088821637336,0.663243494407333,0.246945682333368,0.446266812299491,0.188514474769415,0.187837333318515,0.258688185179573,0.317993726407583,0.422898936696152,0.623967506237248,0.17731951928402,0.0839793803636707,0.659426838710661,0.418433616715305,0.558381538119809,0.176008108717276,0.389506126234114,0.485673705359294,0.305724635494183,0.478470631540745,0.322923614795647,0.648194500844446,0.248022809998675,0.321463249276363,0.211425230554778,0.511525066744178,0.520431821728849,0.0862230532641332,0.244215270926597,0.41205645707935,0.393107427393913,0.43896329105738,0.267703458131386,0.213729659009922,0.276812474429743,0.226962419225326,0.26081158719719,0.652966586332434,0.601001353227312,0.396525460247518,0.553294869722953,0.246023425389334,0.0829896461195637,0.216274639919677,0.45351165463713,0.139982871274541,0.339768997010653,0.23718860354474,0.0314386471663484,0.72277796228027,0.254562476795537,0.271453745741597
0.503119042422452,0.737284604280565,0.631839818095787,0,0.806283674644873,0.389718107986451,0.44654177256442,0.680076971736648,0.135893907413719,0.630916479199581,0.590101032331663,0.4751524744519,0.602577059802032,0.6747779993233,0.533984203988761,0.468604150635699,0.559693664220897,0.417239223139508,0.544190806465276,0.323543871919863,0.557972888870307,0.561530665128236,0.450252848833205,0.544222443161268,0.880243130631603,0.70692071859737,0.28320608192749,0.184077646548747,0.510655173694593,0.701377901153812,0.368774887542428,0.254661112356955,0.423170707076985,0.482049467126059,0.688495070181914,0.423998722739767,0.390881340824811,0.844290458978549,0.436715485072448,0.489048960311377,0.390247697895227,0.326869052196974,0.429478724660533,0.451147819647638,0.230188095525173,0.679949078395058,0.398338073491532,0.391962332257994,0.270206182265039,0.273463165513348,0.394431814129695,0.68583828975134,0.575912657980688,0.412586344071391,0.689825286285674,0.527127545604979,0.303309382052769,0.813137641497847,0.65467909363708,0.768381652790191,0.5490388803835,0.734755352418341,0.320916585823498,0.49400613898003,0.36148552753115,0.395770787044813,0.642653332096354,0.360265488402439,0.410316918742214,0.363186722046479
0.33449872008108,0.20564603369067,0.253632481038975,0.806283674644873,0,0.516024901708549,0.480236700591698,0.489339482599842,0.871942833510658,0.511167478910618,0.280978180032684,0.506286522817199,0.623074810034123,0.448380314307875,0.318372120483471,0.5841695737047,0.334899602603806,0.403300976538031,0.608532413752544,0.83371486857801,0.309451518930018,0.534164155032998,0.377019835880849,0.31136136425972,0.256379859006381,0.429514031432025,0.582001006200893,0.80940808532624,0.364263457275844,0.179447641546979,0.726211827325238,0.636074411821015,0.801491531192416,0.355778433069869,0.537646489722673,0.70304528097575,0.471555900970503,0.440685932138204,0.52562480639973,0.70869419658553,0.439031508456627,0.491782350369399,0.401066445295589,0.564313293370968,0.702945222730304,0.179068529131918,0.416230805809088,0.645756517508764,0.565824448850577,0.664879828958287,0.420253510953786,0.41455955839498,0.527855471041629,0.409004390031548,0.158020505618736,0.702414095034912,0.812553335393674,0.540510327374573,0.689799601728144,0.319376665762482,0.30923412499602,0.227175438789947,0.545045808331298,0.365024626334113,0.565530235671526,0.428522467849871,0.251966962484388,0.822572920121011,0.396716490606003,0.455903697481736
0.214202221752332,0.383557167216211,0.311904120216648,0.389718107986451,0.516024901708549,0,0.0575228619474444,0.568814046805768,0.497977957024858,0.591688248733044,0.273096223242839,0.251632065710743,0.263642790494987,0.472312685522301,0.292342956765779,0.365199100442464,0.376952186156441,0.157639884387174,0.39704749132085,0.355613703405183,0.264840265339261,0.288685084692267,0.165209141978736,0.343836357411085,0.564720602271419,0.323938289707592,0.163072987688115,0.325936313911586,0.297328200516646,0.389323902730109,0.476443543252867,0.202724961222719,0.322088415730659,0.164534996761296,0.315350869253423,0.42498314178495,0.0946190944988507,0.514188538989105,0.331196842907137,0.632648936639162,0.123889206022832,0.137601961355932,0.14049817441556,0.508675061338035,0.21990005067739,0.382644129583111,0.161679894898151,0.318325638286169,0.14432829883903,0.239314256878132,0.164253270144113,0.311434648514958,0.290068491879053,0.150285273265064,0.462073244867546,0.4648037856319,0.297257170591909,0.599828656408449,0.641524139561739,0.523576604069233,0.245893132613777,0.380205016894664,0.339040607490644,0.192856473046586,0.240826610869128,0.155829986893981,0.308535052250744,0.477134456978323,0.203754011752025,0.177223732372762
0.194197346836201,0.335483129463091,0.27281730991618,0.44654177256442,0.480236700591698,0.0575228619474444,0,0.563894147807778,0.5542925815679,0.604934899515766,0.237128637780042,0.260057567462351,0.233939454236582,0.453756984959077,0.283919594094376,0.373901679645446,0.375507374960055,0.161854908087364,0.409466077177154,0.400396705259829,0.244387205778469,0.280871906853179,0.1571189463494,0.334585316120345,0.520065348025469,0.272327749316175,0.212607109463342,0.380715944029659,0.28856514326229,0.34983195562718,0.517697669007206,0.247608982244072,0.344678143281366,0.143730789515604,0.269813866360316,0.446933884138992,0.116133235287731,0.477083757110031,0.342405632173689,0.664612391434871,0.137620995963301,0.174438933126812,0.138171342290081,0.535146140784724,0.274304433208807,0.347303851815112,0.173363347404418,0.338384572857958,0.196595075805041,0.279210391354422,0.179126041703438,0.256735437416664,0.264010296381611,0.155924589491376,0.442263304131437,0.487976338668709,0.340913422418964,0.575097682247862,0.650149870101965,0.494466259844596,0.216689198514294,0.333020431249567,0.374751756812803,0.170967597661312,0.262479549624781,0.166970758468569,0.265494393196917,0.521886984162032,0.214703246142551,0.198555222765735
0.393582323980712,0.56210712794919,0.396252098652861,0.680076971736648,0.489339482599842,0.568814046805768,0.563894147807778,0,0.752347150069402,0.650356195692171,0.396170630598292,0.707539494129623,0.755838202349234,0.198285239802466,0.541408559547917,0.309236927425449,0.557856894009721,0.440125965366843,0.841478336202001,0.870389577031575,0.561357738194941,0.780713034243526,0.43499531484608,0.275180537154678,0.442025148600421,0.709798435850328,0.624115288786259,0.768981648100561,0.280288196550513,0.399777928976481,0.788241744746322,0.519187881914223,0.715162075426794,0.469039271559646,0.763533293249703,0.389029843893467,0.565242451824604,0.854030759455313,0.280158888735106,0.474957010184307,0.463623066997204,0.507841364386127,0.454322316953421,0.423565712969359,0.702384762942389,0.376384593933435,0.44764509413052,0.419731752523558,0.573435708876963,0.517206460406982,0.482421031775124,0.560239641246401,0.464573025055794,0.447714145442849,0.425116632117877,0.900638050114172,0.780146797453826,0.2967618589426,0.211080250169883,0.245120915020311,0.384131344453391,0.595348546675988,0.539744393553308,0.401997788310676,0.398855482897333,0.428963229430677,0.427339364485781,0.893101429347935,0.444928465826108,0.420440079465158
0.595561089958148,0.82122304830724,0.72586436880149,0.135893907413719,0.871942833510658,0.497977957024858,0.5542925815679,0.752347150069402,0,0.611080223563622,0.684873560097636,0.529403336146457,0.71690214262961,0.774264957596794,0.588574676509904,0.578803190249963,0.59363166311772,0.507355623216463,0.567492685063205,0.386361148511822,0.624324990747559,0.625182054392531,0.541649677823642,0.619822442368128,0.972632345442006,0.80278165747429,0.364415995342864,0.274152785126488,0.600833458221255,0.788163643644444,0.322021130409423,0.382103696874428,0.555680320388315,0.571978038338953,0.792270660484602,0.532445957831011,0.479443836943088,0.906905823506695,0.537119409062605,0.468335602661203,0.485987633067804,0.415387673960823,0.522767446253461,0.453057002552434,0.328609366595934,0.763705159397086,0.485139759061416,0.514360380422502,0.362850857397308,0.404239767143924,0.474067533169322,0.799393597009941,0.701411900073056,0.503186757948409,0.741758189301811,0.525903655139054,0.415999488723352,0.918508998257855,0.725900821264149,0.856992543305769,0.643925121961966,0.815947824068516,0.340860479638425,0.59350157426357,0.478597776545394,0.490092378333012,0.737367989878523,0.328334025364948,0.485134056080053,0.455566315771088
0.510828149539462,0.583626069582002,0.574706464321949,0.630916479199581,0.511167478910618,0.591688248733044,0.604934899515766,0.650356195692171,0.611080223563622,0,0.558256909523206,0.462290207424043,0.811115095941525,0.718887848917637,0.349836060202153,0.706858761849389,0.255261548973186,0.479529203380215,0.473058049426067,0.72530606449285,0.419902196135118,0.563480512193633,0.491156139234348,0.465026888108071,0.733660036668905,0.700661301464771,0.506955078187619,0.689699035952763,0.528740204908981,0.569824505988904,0.3839479270245,0.638716753417744,0.882183206394079,0.495043702718115,0.775450943119073,0.764335162217583,0.501680213375011,0.644840540623258,0.618557834338704,0.450595662872695,0.502713170702978,0.475883728586456,0.497359077629642,0.330384573262735,0.623585693423487,0.541499737541132,0.463354868618212,0.731226148437506,0.511736610096981,0.682737549140243,0.437538896485336,0.748382667716866,0.777430766733834,0.481448513201595,0.372425008705842,0.484450216227894,0.785714811356496,0.868125844456392,0.775772483783375,0.674456448785448,0.541665447211414,0.574849698966314,0.322073442549058,0.546463157085318,0.638197864152993,0.496008480386837,0.583676173106865,0.547512185575501,0.414593829836662,0.487165560742736
0.0895794601569701,0.204540661785692,0.0421537815616248,0.590101032331663,0.280978180032684,0.273096223242839,0.237128637780042,0.396170630598292,0.684873560097636,0.558256909523206,0,0.38802259184677,0.407609075088454,0.287461293048718,0.256160346632408,0.341090451367542,0.331464093467362,0.180299348020682,0.534088313200973,0.624088238837904,0.227211358573456,0.422326006899276,0.147305538275411,0.171869479135789,0.299987863851889,0.315024748769166,0.382385597824883,0.582392295515581,0.152610941166928,0.121651902591501,0.624185569256811,0.378124831394894,0.525488463519173,0.137728768143948,0.379552922577551,0.458013897934163,0.267016973278845,0.481626853447256,0.295439454074746,0.623110830991349,0.206068897061787,0.280047168642861,0.169912837885611,0.48628387401646,0.479357053612559,0.115993125365287,0.203507880566048,0.380927297645097,0.351478058432955,0.400305382148973,0.228450152371973,0.217323386150103,0.261392107920873,0.185652830774008,0.267551083964623,0.623243242225559,0.562100669311153,0.410892841234786,0.543066974702849,0.270872265194758,0.0424719128671403,0.230133550096455,0.418252286030109,0.0984615286274576,0.304209189381979,0.195535354987086,0.0572206553237044,0.685078931831958,0.217022989174488,0.230595893750958
0.338325981553076,0.392768655387347,0.417663001862598,0.4751524744519,0.506286522817199,0.251632065710743,0.260057567462351,0.707539494129623,0.529403336146457,0.462290207424043,0.38802259184677,0,0.389049408094471,0.648749174756121,0.211893804598689,0.580892241130058,0.265054804857672,0.280273527426948,0.153431814545607,0.368602688111289,0.199554408773883,0.119654474027476,0.287693756318534,0.438936824083874,0.653101721847025,0.342550062211265,0.203407839902599,0.400897433150379,0.439210081264203,0.462503398250456,0.348675109304686,0.406802739092503,0.539818388798843,0.262197619976798,0.36949736499263,0.642292802658573,0.178000089861001,0.379541886820335,0.521631346479416,0.67013751862675,0.273150921187144,0.245316625349661,0.272983301264316,0.527236839821578,0.301710636604228,0.453775399073609,0.271440393260023,0.549378293716881,0.243110482003986,0.455012473279542,0.232539061963764,0.456184987005852,0.5196394656765,0.27435980187038,0.442545666168324,0.243201622420916,0.432448814744931,0.786816713472612,0.814303458161004,0.64755013628423,0.372214267942044,0.366986271072397,0.315899179741722,0.347326459811899,0.45809343346813,0.301848656120352,0.407021374847712,0.359470803847398,0.266336823389429,0.318811254385111
0.403556035229067,0.430227399078406,0.427797997813941,0.602577059802032,0.623074810034123,0.263642790494987,0.233939454236582,0.755838202349234,0.71690214262961,0.811115095941525,0.407609075088454,0.389049408094471,0,0.605839248727769,0.475419590501505,0.539320232289199,0.570489507943964,0.394090348571527,0.502466394236673,0.442154563155105,0.415723558040131,0.331851357858649,0.383448337509003,0.547468923554788,0.618107813954599,0.243858538765486,0.390748342662409,0.477552723633534,0.49577266771306,0.494986976200247,0.685831839028046,0.416694486864644,0.341496193922345,0.358837260244691,0.144898729824844,0.601566198543582,0.327571706814375,0.487065351873,0.53693518888671,0.894717015695038,0.371303948173933,0.399458079347085,0.368891026347752,0.768438659381008,0.392753790096335,0.507308292984977,0.406974679037787,0.486422185956106,0.393998972265038,0.431753788088756,0.409199077726856,0.276337923023131,0.339196383991784,0.388729099768239,0.631201426843472,0.585211716226348,0.373916752426359,0.686680234965907,0.833268114933985,0.644937416967387,0.405719827046977,0.420844040717906,0.594177728481261,0.376043062257391,0.446009981072917,0.399101817579895,0.408687115644959,0.63908115939712,0.446226476897373,0.429798073894776
0.311170329469152,0.457651752302859,0.282701599031089,0.6747779993233,0.448380314307875,0.472312685522301,0.453756984959077,0.198285239802466,0.774264957596794,0.718887848917637,0.287461293048718,0.648749174756121,0.605839248727769,0,0.507857429920508,0.238053040079854,0.556797137582166,0.378210458287243,0.796804967421923,0.804002878531753,0.501648448017933,0.696482892288966,0.362805254446072,0.260495473845226,0.331234823220783,0.573616627258403,0.574438730424683,0.719581561591523,0.222497544382587,0.303839844441537,0.80720901956554,0.457055467602955,0.595500678452919,0.387784141422358,0.615596457132919,0.352782002879471,0.49346122868757,0.760560292989042,0.240742804057982,0.610432618138897,0.395883624709489,0.460027436747444,0.381197233297506,0.528544572227966,0.642490659468457,0.294583672341564,0.39511654611805,0.341826368392013,0.52444901188464,0.450172463748037,0.43562034263055,0.39239365753214,0.29330651580674,0.384879891938125,0.430357471592164,0.871264087639664,0.693916025275851,0.158343682957434,0.317530970090155,0.164448730217482,0.284730840393004,0.494042757239526,0.565197858399462,0.304190181809512,0.32816051356193,0.367869657162334,0.309194602956074,0.881004699589869,0.410771778516504,0.374964206350778
0.217936682806365,0.274849827675155,0.277835990363,0.533984203988761,0.318372120483471,0.292342956765779,0.283919594094376,0.541408559547917,0.588574676509904,0.349836060202153,0.256160346632408,0.211893804598689,0.475419590501505,0.507857429920508,0,0.501125729582556,0.0974270522696169,0.200123583727626,0.322825149959292,0.539621752447627,0.0729682734405132,0.288522682162815,0.195888941928367,0.268736043855312,0.492892240158103,0.357983773039123,0.290311917093856,0.523060095113266,0.300701021282436,0.29904679111299,0.42103449802145,0.421436040118409,0.612694328046552,0.173654058834985,0.431775849178156,0.587731688469835,0.208855071341946,0.390630412795735,0.427262920278573,0.564888243765247,0.22457793088393,0.23433087971802,0.202405853490436,0.407367092204569,0.419957117182696,0.281521370164503,0.196277454923524,0.512638705243776,0.291036015853911,0.465729258731207,0.168530036243207,0.408691867983935,0.473866160182692,0.200720826001652,0.231548439306637,0.404621504195661,0.556870024029911,0.650048200309517,0.6831448882353,0.474711947477493,0.245159378536971,0.263177306064673,0.273950152117522,0.248875622596421,0.413137911757817,0.231042749639076,0.275531468103346,0.504469735811016,0.163974197096258,0.25132089981709
0.304741893052703,0.544286018958943,0.365204983233399,0.468604150635699,0.5841695737047,0.365199100442464,0.373901679645446,0.309236927425449,0.578803190249963,0.706858761849389,0.341090451367542,0.580892241130058,0.539320232289199,0.238053040079854,0.501125729582556,0,0.555406569806652,0.313199003634679,0.725656036941704,0.632706724831978,0.50175058063836,0.641684564961142,0.317542019049302,0.301376656142025,0.530293638569241,0.590710698093421,0.440885508586996,0.525849298495095,0.229595529575467,0.427454521353997,0.684610371897963,0.260754053584566,0.414317259273844,0.359049256475494,0.599002790129868,0.126517528419108,0.405203567341922,0.800282403695896,0.0885712689606898,0.524911184462854,0.309396345576989,0.347210926329635,0.320238433925425,0.463025431868389,0.472353394841544,0.412018017559027,0.321228459175313,0.114181752604756,0.384782363106568,0.239192447922835,0.362521649385901,0.434599347864904,0.253896293233291,0.316455868293963,0.51997396691107,0.779166647273275,0.505496300709762,0.351896132926648,0.301511682160583,0.382941369269328,0.311622798807536,0.568534688996558,0.460933863425537,0.283127299977471,0.138140365971205,0.285210642992804,0.388188998236817,0.733969422419406,0.350435809238077,0.272691716404725
0.29250793297048,0.343022671560196,0.349267591786187,0.559693664220897,0.334899602603806,0.376952186156441,0.375507374960055,0.557856894009721,0.59363166311772,0.255261548973186,0.331464093467362,0.265054804857672,0.570489507943964,0.556797137582166,0.0974270522696169,0.555406569806652,0,0.272187917400928,0.339252577625095,0.589889377043912,0.165234305021386,0.3526764545517,0.273618533400353,0.301693582417087,0.540526155255359,0.447216926120846,0.343566244049704,0.569139148384371,0.351552027939424,0.355599545693772,0.395410978771846,0.481614497594536,0.692709736565504,0.261566865685594,0.524908367273637,0.636510255098409,0.288184699992696,0.435330855185804,0.474321665717613,0.527367366820024,0.298316057762095,0.294476130017759,0.281305480366102,0.369450316592869,0.474667147507158,0.333438146035068,0.263202582007922,0.573672185601127,0.346695671752773,0.526925921683567,0.234800205116579,0.500565074515189,0.558777842736299,0.27365783104761,0.220367846492308,0.404900503561829,0.623312903204534,0.702424475235737,0.703053132567766,0.512937725778347,0.319973907491543,0.331735796669052,0.261814785103531,0.327496278281728,0.473821261899152,0.298967499531362,0.351073083657865,0.506742662398844,0.219746287800915,0.308912921087502
0.09332074524367,0.328845566180769,0.221494518828582,0.417239223139508,0.403300976538031,0.157639884387174,0.161854908087364,0.440125965366843,0.507355623216463,0.479529203380215,0.180299348020682,0.280273527426948,0.394090348571527,0.378210458287243,0.200123583727626,0.313199003634679,0.272187917400928,0,0.426756652172257,0.472708047392742,0.199459616317545,0.351839245288005,0.0344557132762969,0.193483107080277,0.47700644690003,0.369721832060856,0.213722799389481,0.417913522724069,0.166585915341968,0.28827614814704,0.461277454615394,0.239887380652857,0.442938666349358,0.0756436616423638,0.406133964754717,0.395996748057743,0.125734189580243,0.520084714552716,0.248857261703394,0.51797242725237,0.0391584744633327,0.101471763836974,0.0268685471819212,0.382061651379717,0.31825186235842,0.269951023460946,0.0252883315662781,0.313503174121149,0.177666119156514,0.277454565931879,0.0617996978820558,0.328889532795957,0.30763133027797,0.00831094975537909,0.323204649876933,0.49538948842942,0.428012551647018,0.524605052405475,0.541730112717009,0.409270063335176,0.142375656501824,0.334633177486648,0.259336970532956,0.0988163047950594,0.214854819929446,0.033156403080249,0.230398255190906,0.518103789741575,0.0661085230146578,0.0695865806549356
0.486321780090262,0.50979465999225,0.56088821637336,0.544190806465276,0.608532413752544,0.39704749132085,0.409466077177154,0.841478336202001,0.567492685063205,0.473058049426067,0.534088313200973,0.153431814545607,0.502466394236673,0.796804967421923,0.322825149959292,0.725656036941704,0.339252577625095,0.426756652172257,0,0.398216024593852,0.323770935554551,0.184063857424716,0.436393777818069,0.573158863504812,0.783327022744916,0.451971513225669,0.314267083083989,0.462196088321672,0.582908979576321,0.596168240248134,0.321520526071775,0.534210992815686,0.656282860468736,0.412145338310969,0.475044295126273,0.778296648028185,0.326673139685776,0.407303472084457,0.663263839995621,0.742183631204525,0.420519001996459,0.38101823386773,0.422517605827591,0.60595900461291,0.38671763102056,0.587193889543532,0.414850331019857,0.689587196073402,0.364380437792437,0.583338314905828,0.37323155398859,0.597874092928299,0.671493640216703,0.421147681702526,0.542712347569211,0.11323153891551,0.51545121835237,0.936949176304824,0.947902540095513,0.786748986130621,0.520158033370194,0.477670499565272,0.391423395480001,0.49843665337042,0.599667562856031,0.447438776478236,0.549201215298442,0.312471704412882,0.402033567464292,0.458826322047565
0.555217874230609,0.700293928099451,0.663243494407333,0.323543871919863,0.83371486857801,0.355613703405183,0.400396705259829,0.870389577031575,0.386361148511822,0.72530606449285,0.624088238837904,0.368602688111289,0.442154563155105,0.804002878531753,0.539621752447627,0.632706724831978,0.589889377043912,0.472708047392742,0.398216024593852,0,0.532057919382229,0.392821029327932,0.49482333509339,0.660382091897432,0.91767385029893,0.580709979106658,0.27142246878985,0.14750000194765,0.623426730772077,0.735527296628346,0.409622922648577,0.373907964926118,0.3872825116028,0.49687291001457,0.529394604884852,0.626946977548611,0.367495154776613,0.70063755367445,0.607089026330549,0.760956948811952,0.438371977055168,0.383365003724237,0.468018550283124,0.67334569008243,0.168145450619154,0.726248230705621,0.46040050531396,0.542238385405371,0.307305526632764,0.402674509375201,0.440971008438131,0.638917727670354,0.604013890843248,0.464629541556198,0.756778256507375,0.386035826342731,0.184700088262929,0.932256652845435,0.892957332071984,0.871504143513397,0.594819929368537,0.683176755124886,0.459531041107727,0.540956423414301,0.498021457790878,0.466718736875347,0.658522271803204,0.283731454583161,0.481338547405177,0.461603668827959
0.204258849987419,0.220829545671407,0.246945682333368,0.557972888870307,0.309451518930018,0.264840265339261,0.244387205778469,0.561357738194941,0.624324990747559,0.419902196135118,0.227211358573456,0.199554408773883,0.415723558040131,0.501648448017933,0.0729682734405132,0.50175058063836,0.165234305021386,0.199459616317545,0.323770935554551,0.532057919382229,0,0.248912368430182,0.186427225082028,0.286935621272975,0.464424967856479,0.285103880549431,0.29573252913215,0.526554861131867,0.305759089673823,0.273361883066934,0.467046209014168,0.421707389768877,0.585364954584443,0.148636034635335,0.362024327782898,0.593921047417995,0.193258033561122,0.339177781203919,0.436307875109101,0.625938894478271,0.219873152121534,0.243599236053778,0.19200623182997,0.469970030716582,0.417988775457282,0.263676778899209,0.202888256192811,0.509142772011429,0.297931880029026,0.463968801358002,0.179913260865924,0.349131602242319,0.437612988781606,0.19913724530588,0.258250363520168,0.418386943590714,0.541113873574955,0.635424045478458,0.704807365724218,0.467789238186804,0.223371415799503,0.205054091929694,0.328851968265558,0.228947278616829,0.412617449654501,0.232428333580673,0.237249342035296,0.529420043013636,0.186742260187341,0.262433633018082
0.392483314258972,0.385639993262039,0.446266812299491,0.561530665128236,0.534164155032998,0.288685084692267,0.280871906853179,0.780713034243526,0.625182054392531,0.563480512193633,0.422326006899276,0.119654474027476,0.331851357858649,0.696482892288966,0.288522682162815,0.641684564961142,0.3526764545517,0.351839245288005,0.184063857424716,0.392821029327932,0.248912368430182,0,0.350625734874161,0.5111722127089,0.664039738738761,0.276695054855153,0.288100234107882,0.455905193112372,0.504483468985543,0.489292853884285,0.452148244441848,0.47140438470919,0.549701170051076,0.314589795447647,0.291035202207474,0.708651451093837,0.244938100505319,0.309443339132413,0.592629131706353,0.785735999552758,0.342541716168258,0.331656592158257,0.33678685810674,0.641159035835698,0.357990592086563,0.48911622127443,0.350084235068801,0.605859025331872,0.32683276850022,0.514928517242739,0.318289227863642,0.43470155601104,0.532972965288758,0.345852060422694,0.504077682115776,0.287320302568047,0.454653130530235,0.821121228567816,0.893280421597466,0.68916832637791,0.415666302026454,0.353592873074112,0.433561325915999,0.395370416420642,0.521414151805967,0.374312316809478,0.42814650148662,0.431411349509185,0.35470626863242,0.39956998307513
0.0636120098481845,0.297238065950341,0.188514474769415,0.450252848833205,0.377019835880849,0.165209141978736,0.1571189463494,0.43499531484608,0.541649677823642,0.491156139234348,0.147305538275411,0.287693756318534,0.383448337509003,0.362805254446072,0.195888941928367,0.317542019049302,0.273618533400353,0.0344557132762969,0.436393777818069,0.49482333509339,0.186427225082028,0.350625734874161,0,0.183536622922651,0.445354581548293,0.345499191436434,0.240140503061393,0.445424047719611,0.156417700764624,0.256669056747259,0.489003062849194,0.26350333669166,0.452427095810741,0.0491882703709525,0.387250513358485,0.408520950250496,0.138938777381939,0.500762762799848,0.256294685801218,0.541304357502445,0.0635849254829803,0.13304074677065,0.0270727941610109,0.40349376528622,0.343593564704531,0.240161728959324,0.0584042300218161,0.324323742997724,0.206955344790752,0.298196054728784,0.0866260824243992,0.299407638193652,0.292058731840167,0.0387380964770332,0.307510524510208,0.511020435044296,0.44739697134221,0.506089427538199,0.546130497356649,0.386112861759051,0.111040280079077,0.304828002280408,0.288761400128919,0.0715449497704889,0.228348658416564,0.0592096773263015,0.196330159960699,0.545079230893148,0.0875763998889352,0.0991650405533839
0.145075916306286,0.336064171090764,0.187837333318515,0.544222443161268,0.31136136425972,0.343836357411085,0.334585316120345,0.275180537154678,0.619822442368128,0.465026888108071,0.171869479135789,0.438936824083874,0.547468923554788,0.260495473845226,0.268736043855312,0.301376656142025,0.301693582417087,0.193483107080277,0.573158863504812,0.660382091897432,0.286935621272975,0.5111722127089,0.183536622922651,0,0.370363575501616,0.473225462456221,0.395223251344059,0.589424197158869,0.0827801918249034,0.21191296807226,0.576214559442023,0.373525734443826,0.587808209175624,0.20993122746469,0.536564863793084,0.407079388617996,0.315435320029398,0.596826430948079,0.226830640361189,0.464478808595146,0.227938733953322,0.277794265961947,0.20738176584673,0.334376999427593,0.500071767410558,0.179477738613195,0.202067726770705,0.365972363837965,0.355245779637761,0.396042073509744,0.229359671106037,0.384127941204572,0.357621180463361,0.201775455142351,0.21958639804259,0.642122702952327,0.605739169970615,0.413025460554782,0.428589671489678,0.255210098146475,0.150652109498901,0.359108626066577,0.33788867279762,0.172516007570976,0.286172905831184,0.197426686849916,0.215604742952968,0.672050233668944,0.190285052331847,0.203608468542033
0.384217094213225,0.291945425708827,0.258688185179573,0.880243130631603,0.256379859006381,0.564720602271419,0.520065348025469,0.442025148600421,0.972632345442006,0.733660036668905,0.299987863851889,0.653101721847025,0.618107813954599,0.331234823220783,0.492892240158103,0.530293638569241,0.540526155255359,0.47700644690003,0.783327022744916,0.91767385029893,0.464424967856479,0.664039738738761,0.445354581548293,0.370363575501616,0,0.468439581867934,0.681279210186254,0.88007420954008,0.380732720351054,0.198629728681864,0.898523072508813,0.6590571823962,0.77108396082229,0.433072707167755,0.551765448380572,0.656330011388282,0.562579572059287,0.584542921996276,0.507656771222914,0.812860592634906,0.505116755420779,0.578182531102467,0.469313239038184,0.6895536585032,0.777618039266531,0.221032307106576,0.498509319343122,0.606570145696491,0.65124139292875,0.670312215794945,0.521720349616656,0.346539350024612,0.435921597269637,0.483163072475502,0.362016702812051,0.882452590333986,0.846160749384328,0.352316544452234,0.627321388250756,0.197815275601678,0.336753845583854,0.332690137445207,0.686893251375609,0.393101477291277,0.558350101218791,0.490464911601935,0.260437461340425,0.974232010326681,0.501915296796879,0.519916288449924
0.345464756644685,0.225130252809255,0.317993726407583,0.70692071859737,0.429514031432025,0.323938289707592,0.272327749316175,0.709798435850328,0.80278165747429,0.700661301464771,0.315024748769166,0.342550062211265,0.243858538765486,0.573616627258403,0.357983773039123,0.590710698093421,0.447216926120846,0.369721832060856,0.451971513225669,0.580709979106658,0.285103880549431,0.276695054855153,0.345499191436434,0.473225462456221,0.468439581867934,0,0.43908309225847,0.614155797578394,0.453530299044106,0.351237849540963,0.685878975834792,0.519086963039449,0.548731751860416,0.300117236568858,0.116019364802805,0.687348875811623,0.330173621828331,0.27422147188429,0.562904246406611,0.878624421516383,0.370107077404225,0.414697798074225,0.344723330087199,0.730600103942678,0.507170364060948,0.370502148319394,0.386100440366523,0.580521259548664,0.444667809265903,0.546672210719927,0.381427501992043,0.216161303693304,0.398759346879559,0.367349839127265,0.474765833580383,0.560529800310323,0.55735119608676,0.658477693478327,0.843623418579492,0.547770685201577,0.33349451168661,0.205040966496182,0.577280072197132,0.338451919528536,0.511990782971641,0.392056029729197,0.288465362562438,0.6854655450081,0.405605962760643,0.43315139250179
0.303584797843371,0.481725401841324,0.422898936696152,0.28320608192749,0.582001006200893,0.163072987688115,0.212607109463342,0.624115288786259,0.364415995342864,0.506955078187619,0.382385597824883,0.203407839902599,0.390748342662409,0.574438730424683,0.290311917093856,0.440885508586996,0.343566244049704,0.213722799389481,0.314267083083989,0.27142246878985,0.29573252913215,0.288100234107882,0.240140503061393,0.395223251344059,0.681279210186254,0.43908309225847,0,0.233063980758677,0.370401501209418,0.489537372698528,0.31885659799152,0.222077076124139,0.395906643306501,0.248917397107727,0.437295955021736,0.473148866761175,0.125898199902776,0.561646079617616,0.389401944962205,0.558844094159917,0.185773284178434,0.119381891529652,0.215271810845208,0.441326523026366,0.131516682244156,0.474318526423338,0.196947212204694,0.387332134624017,0.0568300206873887,0.271752318034542,0.173087653418075,0.466590572061839,0.439333835219179,0.20615823884908,0.491614726109934,0.349313728396685,0.284083679251356,0.717752845436653,0.683465400533062,0.622361633465482,0.34924419898384,0.471427971892576,0.229544972089512,0.299359602405454,0.305718965084196,0.211713444158222,0.423656617090378,0.322344824309155,0.211175609287446,0.206216213847126
0.504223683244343,0.697995129757381,0.623967506237248,0.184077646548747,0.80940808532624,0.325936313911586,0.380715944029659,0.768981648100561,0.274152785126488,0.689699035952763,0.582392295515581,0.400897433150379,0.477552723633534,0.719581561591523,0.523060095113266,0.525849298495095,0.569139148384371,0.417913522724069,0.462196088321672,0.14750000194765,0.526554861131867,0.455905193112372,0.445424047719611,0.589424197158869,0.88007420954008,0.614155797578394,0.233063980758677,0,0.547999587113596,0.699213212579168,0.391038544715103,0.267102693650342,0.336390889238057,0.461851507216723,0.573807912137779,0.502882471824966,0.343512822448449,0.75786078128443,0.502309434873276,0.64622551402751,0.382717562765084,0.323191842425253,0.419340095108218,0.575743975391152,0.111918726715132,0.685265826756263,0.403371713284755,0.432850046586784,0.245530677312992,0.291379622710451,0.392613952788843,0.626935728580841,0.548956035070619,0.410784107980219,0.717239059543696,0.45263230862028,0.1523036248652,0.850647743715083,0.769096610136666,0.804248069794753,0.546884580310453,0.688581086675433,0.38855233121338,0.488859672849966,0.39723855441425,0.403061566459218,0.626089004106052,0.311827102734857,0.425691735060716,0.386664891211131
0.116607672710722,0.348802064207583,0.17731951928402,0.510655173694593,0.364263457275844,0.297328200516646,0.28856514326229,0.280288196550513,0.600833458221255,0.528740204908981,0.152610941166928,0.439210081264203,0.49577266771306,0.222497544382587,0.300701021282436,0.229595529575467,0.351552027939424,0.166585915341968,0.582908979576321,0.623426730772077,0.305759089673823,0.504483468985543,0.156417700764624,0.0827801918249034,0.380732720351054,0.453530299044106,0.370401501209418,0.547999587113596,0,0.228269459488269,0.5900631287508,0.313383561442644,0.513784593881303,0.190831201182654,0.501878856029921,0.341099437571812,0.290863387121841,0.612995097326925,0.162818122898579,0.491704507495369,0.192099785083672,0.251546431965988,0.176599734964354,0.372184442572658,0.460631254843854,0.203735970856458,0.180081899923036,0.290345242165791,0.324548422324925,0.330101874865832,0.218065735553844,0.340508932532029,0.28133009991462,0.17425297157649,0.292929772131005,0.652269494586589,0.549572836264977,0.37692895676491,0.406153129732203,0.262048316466418,0.121876036972983,0.372659787566306,0.353377061782753,0.125088249209342,0.214241973791248,0.160329171220831,0.205013703038427,0.66794046002247,0.18909817102867,0.168093275895927
0.199640646349527,0.166125747495779,0.0839793803636707,0.701377901153812,0.179447641546979,0.389323902730109,0.34983195562718,0.399777928976481,0.788163643644444,0.569824505988904,0.121651902591501,0.462503398250456,0.494986976200247,0.303839844441537,0.29904679111299,0.427454521353997,0.355599545693772,0.28827614814704,0.596168240248134,0.735527296628346,0.273361883066934,0.489292853884285,0.256669056747259,0.21191296807226,0.198629728681864,0.351237849540963,0.489537372698528,0.699213212579168,0.228269459488269,0,0.701148591331984,0.496969139326091,0.64209484282557,0.241594722305857,0.438053561668974,0.550463017159908,0.372163477551019,0.473291906949285,0.382265816467382,0.671237718614334,0.319302630624474,0.388222991214377,0.281399044960725,0.532905586183468,0.594581972598468,0.0353762145333138,0.308354283521424,0.48585092763283,0.462570472728732,0.518274538853277,0.327088424825102,0.264472158327919,0.349756523077819,0.294301428821809,0.220469261074968,0.690773711469121,0.681911752998422,0.404585553947917,0.578639400796778,0.218182209229994,0.158044897794843,0.203881145770984,0.495858446937166,0.218030138859416,0.414608110387138,0.306783370012672,0.0891819530742054,0.776237051971157,0.308120176934768,0.338390604041473
0.545130089060505,0.68782599528587,0.659426838710661,0.368774887542428,0.726211827325238,0.476443543252867,0.517697669007206,0.788241744746322,0.322021130409423,0.3839479270245,0.624185569256811,0.348675109304686,0.685831839028046,0.80720901956554,0.42103449802145,0.684610371897963,0.395410978771846,0.461277454615394,0.321520526071775,0.409622922648577,0.467046209014168,0.452148244441848,0.489003062849194,0.576214559442023,0.898523072508813,0.685878975834792,0.31885659799152,0.391038544715103,0.5900631287508,0.701148591331984,0,0.48943147040874,0.684386888417086,0.497484818645246,0.705485887170774,0.69720794113125,0.406348580932214,0.69386558669127,0.614615040831866,0.518509177667147,0.453622175647757,0.381926927392544,0.474304486560982,0.430432336150207,0.369322120692759,0.677897544482324,0.437322311872634,0.646946017365089,0.35045733261678,0.535430490733817,0.402428131877405,0.754661306093184,0.743260148082718,0.457046971979254,0.599247733446932,0.261383209055413,0.521585007450267,0.963567788239271,0.844955950610996,0.829999636763525,0.593065257536979,0.670332115027666,0.248965422340533,0.559552196623016,0.567206222496763,0.465519539687707,0.663258998174756,0.175071248042381,0.414142133549484,0.447232560431132
0.30349475056689,0.545830283845393,0.418433616715305,0.254661112356955,0.636074411821015,0.202724961222719,0.247608982244072,0.519187881914223,0.382103696874428,0.638716753417744,0.378124831394894,0.406802739092503,0.416694486864644,0.457055467602955,0.421436040118409,0.260754053584566,0.481614497594536,0.239887380652857,0.534210992815686,0.373907964926118,0.421707389768877,0.47140438470919,0.26350333669166,0.373525734443826,0.6590571823962,0.519086963039449,0.222077076124139,0.267102693650342,0.313383561442644,0.496969139326091,0.48943147040874,0,0.268345736632556,0.298048216996885,0.502307527998994,0.264263852770396,0.247918561778744,0.711607894185624,0.242257496821959,0.533408350952328,0.20764011245374,0.191190822786876,0.244056797700171,0.451798072156843,0.215297727775763,0.481744571612192,0.234130151048413,0.177781422057817,0.173292793749942,0.0508887009126228,0.253307668177476,0.449340671329695,0.321284530317945,0.235936607204838,0.552375946415619,0.569770380376893,0.264204988990584,0.586294578600851,0.525753634393126,0.558642478776813,0.339338871751145,0.551697158730287,0.330606784788725,0.280434204339467,0.130751075874424,0.210798462441205,0.428922828545765,0.49724800702167,0.271260907315717,0.190566471626501
