0,0.456370986000128,0.36311027529964,0.866779168438806,0.778249284737298,0.180655530200222,0.332793093061748,0.643122185385828,1.06018425803655,0.812503220876509,0.344435119723746,0.33428370632433,0.523728464729977,0.533246703752888,0.181666691348287,0.695137416715765,0.31165494602777,0.200371397042937,0.590677999192751,0.753509927149149,0.611059479346336,0.456738506543739,0.240236674534706,0.277066320179336,0.785270513007886,0.516864379990976,0.288038538633173,0.602635639597733,0.692835000276545,0.382866670047096,0.678210963945697,0.246536396140672,0.613409182946951,0.186963355355408,0.560870112764668,0.782908935124935,0.709400493333004,0.747473920057831,0.672872967018606,0.7485302336117,0.433317825736762,0.544952360487251,0.315566478772026,0.516447955819568,0.426904104514284,0.594076423107653,0.417687996896335,0.667756742125249,0.213876637005979,0.31308648228237,0.0805042258437954,0.445968906225051,0.376624342058434,0.231426164824678,0.617717226349918,0.929509739530415,0.722147172831064,0.804646437373256,1.01547390916027,0.909796045905452,0.425773583830425,0.457984052972768,0.30892776488014,0.451479757630324,0.596778160086539,0.619974873292952,0.365061703484069,0.968181881078851,0.426365577849127,0.184885872680999
0.456370986000128,0,0.217660672034574,0.507168883333138,0.391339899988577,0.468955010726633,0.385431532829845,0.186981784213274,0.671258584548538,0.382885902814146,0.304094236066947,0.123635784555969,0.336534493250936,0.0984085175016127,0.278425411469553,0.441690244065905,0.198423187131774,0.65533905260857,0.157705057447058,0.300127106235861,0.505128183540688,0.0200510055577078,0.549910321499295,0.443554148564419,0.328903641319737,0.0896563079887482,0.230489741299823,0.28555133528029,0.611793021036188,0.0982877246510535,0.305533813246088,0.221737292903257,0.276280431235292,0.479253372585951,0.3873449873767,0.447806728910057,0.688218898905698,0.302830566628143,0.506302902925845,0.46327609297444,0.620172043701333,0.588791698646133,0.589160208183756,0.337253323844988,0.293057149931169,0.346267481507592,0.626301652040974,0.409237939690568,0.429449443883815,0.16855055578995,0.528903163763739,0.313139612667008,0.199911813235815,0.615458821241649,0.296215157146841,0.52356880478206,0.303204145506442,0.376582788836527,0.614425074460091,0.55874072198922,0.428049825840789,0.00424090388260757,0.303006884054871,0.521526981051649,0.478635223594532,0.726881057594152,0.441577758489007,0.543903162995475,0.566514051570758,0.503087248148307
0.36311027529964,0.217660672034574,0,0.503697947195904,0.419402280762772,0.459062610604673,0.170345576657415,0.369763801012235,0.69817459490678,0.470384304685374,0.0871349892172795,0.154102688163072,0.509712241462431,0.315212537297947,0.243885446557965,0.34467221660283,0.282105719189477,0.555780064617849,0.372243841905152,0.446159588775791,0.327269081204076,0.202316281502309,0.366739157382732,0.484718625803036,0.495489216540269,0.215877225176147,0.0768068008936906,0.493970917827077,0.431785873186198,0.236890578574679,0.522892444332617,0.236487935574371,0.48844594678352,0.306318628710518,0.561495819338312,0.420113395076212,0.493238303072767,0.502247960646178,0.357594066811482,0.672314174439787,0.405113003400029,0.376196575280923,0.390617043356849,0.507578750880376,0.436601977356066,0.238965163527243,0.413324435932616,0.31440313501663,0.443528423315223,0.243786988687287,0.413770035270889,0.460752276471986,0.333189217001658,0.44943477191402,0.254715512827386,0.572365848861255,0.378267163987031,0.584699939881125,0.655860544841163,0.546864484199838,0.21279785000375,0.221731500056814,0.384391386957679,0.304393770012245,0.303663535427977,0.511199905786821,0.523206516921137,0.617721715559791,0.349576110201792,0.332697532965496
0.866779168438806,0.507168883333138,0.503697947195904,0,0.122210348448638,0.944204237281169,0.595686279652614,0.429042762193666,0.200094222477201,0.213662516180147,0.539942056007928,0.579577413739105,0.817446823376474,0.523674664868109,0.728670489528222,0.228194346389523,0.698512262139903,1.05799519998018,0.526748047994296,0.345175502379177,0.42292143743765,0.491598452996508,0.825464049733131,0.941459946781639,0.401424678707534,0.417513850298965,0.579095268437372,0.712083231714847,0.471184056402128,0.602807980477527,0.665284723785178,0.695066548467454,0.689944668581187,0.784035074185332,0.862530693400293,0.090151959279936,0.571839746806494,0.506364068550947,0.343287963300057,0.852740576534228,0.757759429263461,0.607262539664761,0.817085509141096,0.820745247229223,0.795156819036117,0.291024805510512,0.780153418623009,0.236298818676563,0.916052778884898,0.662591181927241,0.91508118554601,0.812729907289688,0.706948502120608,0.921032543418566,0.249101381523488,0.134271679302197,0.228106337309181,0.587964273310822,0.176702895525562,0.0525373360475166,0.544787127676371,0.509287384553135,0.807514517805924,0.616525215336257,0.408399671215214,0.731979142449801,0.948191266177315,0.209540641853051,0.69408036237859,0.810061142568194
0.778249284737298,0.391339899988577,0.419402280762772,0.122210348448638,0,0.841034336599656,0.537301823774451,0.307413902114012,0.285439539774735,0.119620138552457,0.470474838451969,0.473778362434022,0.695706475270973,0.402184496004153,0.628643646118146,0.23273692734763,0.586343012303743,0.974280774264371,0.404570375266524,0.232936384132262,0.42210678674251,0.377010640118645,0.765413560756735,0.831043545731687,0.294161364624247,0.302080553099155,0.49109041150931,0.590048447623201,0.494082772733204,0.488539421747206,0.545236031976557,0.589527116519449,0.568081458981804,0.716032044935215,0.740498997405819,0.111438088530407,0.595613933195197,0.39240469180305,0.356921147532698,0.733091301726769,0.726601684978299,0.596751545775936,0.767455300178644,0.699128214417131,0.675766824312064,0.247772817239929,0.746168152740415,0.223461999887239,0.809405457896921,0.551868122200572,0.832934168011807,0.692762032719426,0.590126343641114,0.857151799640166,0.173924611251327,0.153360087682011,0.106479861705375,0.477972959933886,0.23722574906008,0.174624168383028,0.503571455303657,0.393134141508495,0.693799577630274,0.587156825443998,0.401603213380782,0.732316072631048,0.832880557836802,0.208057293892492,0.661952656459537,0.74253351820267
0.180655530200222,0.468955010726633,0.459062610604673,0.944204237281169,0.841034336599656,0,0.48322716724763,0.642429396907806,1.12639928274078,0.850416272007319,0.470849170797204,0.367431456127078,0.411274684263972,0.518553359765399,0.217164811970111,0.803734572105474,0.277149161828701,0.267852902258549,0.566672306531138,0.765039152705518,0.753069384222149,0.476910255836369,0.420813060048863,0.109128279607401,0.782554920969772,0.549007941351424,0.383874740234377,0.522418070693741,0.844009990519337,0.374798755556808,0.611148501155023,0.252121087150927,0.539497670887246,0.365649983153349,0.436665330799121,0.86794848255828,0.871979502677635,0.720515505009336,0.803980468152341,0.638750192251444,0.612412251863297,0.711844961912093,0.496217302627605,0.4028071417939,0.322709413744883,0.697878887843777,0.597678788558764,0.773341974747127,0.0571051975390098,0.300815840785649,0.23634543251489,0.334601123411939,0.317251311851013,0.40143706821835,0.699719221431833,0.984558744438998,0.76631678610389,0.759228875924878,1.07433142672835,0.991817603654441,0.576909270376357,0.468948014575603,0.210601218988793,0.617710365617091,0.735132775700012,0.796560204920159,0.20255102555289,1.01110768267555,0.601088973461475,0.365350968743501
0.332793093061748,0.385431532829845,0.170345576657415,0.595686279652614,0.537301823774451,0.48322716724763,0,0.538737271985281,0.795756341109033,0.610609773650051,0.083808817508225,0.297646597921741,0.645828576181075,0.483712045650193,0.304069095490998,0.390279981248629,0.399751324953743,0.490525239848493,0.541712606403475,0.606560098474197,0.278585494460128,0.371314441479427,0.22991325352384,0.542593697737414,0.65974907756818,0.384607718986091,0.170316397649439,0.651445437857868,0.361896817556778,0.385865058991556,0.688479401388911,0.332263045146722,0.648713655720395,0.193627642925148,0.696061897181015,0.505931377047728,0.391379033699351,0.67216478509726,0.345063227037583,0.828080565964075,0.235008084180867,0.241424504037127,0.232758869921116,0.642182377803404,0.561214625133476,0.304813110135218,0.243064167023398,0.368836532422731,0.487951765908326,0.367794441685358,0.35089076095234,0.585656908441478,0.463831967081379,0.325589323477267,0.363384220740878,0.688822842821624,0.520492719952176,0.755044227062714,0.763881917831013,0.629762750141015,0.0939704261829803,0.389359243708504,0.481404453941926,0.152796137444757,0.265683867508715,0.359839038041691,0.603869384601004,0.744363909708146,0.181947236558489,0.218263387231822
0.643122185385828,0.186981784213274,0.369763801012235,0.429042762193666,0.307413902114012,0.642429396907806,0.538737271985281,0,0.55221489692642,0.246594150541696,0.454947847293394,0.310400199233477,0.400261824429232,0.126612125447542,0.463946851187398,0.454900855046501,0.365327048325851,0.841560547298454,0.102093021437532,0.126641354216556,0.581256947746353,0.189296905748461,0.726530974518237,0.60019583964584,0.142515556244372,0.154132469740096,0.40467090181296,0.283655010218456,0.681504333151601,0.269241578075529,0.240845900885401,0.404240473678953,0.261015666550252,0.658469944055481,0.440925090670846,0.400685826752937,0.772156415519573,0.136002702278557,0.554355567589661,0.428642582563189,0.771244470859998,0.706069936599202,0.758542018745468,0.404976758316178,0.400936073982369,0.390317992079124,0.781460290872544,0.427323832681113,0.597404101221804,0.344201790807445,0.715874766835726,0.412998423540434,0.338913850619497,0.797624097030218,0.306440234440711,0.39995242325952,0.200997606453227,0.225810742415062,0.48840718626271,0.480947336220907,0.558677382433694,0.185196359465483,0.453857107561989,0.655263982032804,0.554651885862387,0.849099205283593,0.577196774241061,0.399294085153213,0.712211610970856,0.683261797271965
1.06018425803655,0.671258584548538,0.69817459490678,0.200094222477201,0.285439539774735,1.12639928274078,0.795756341109033,0.55221489692642,0,0.305694042355618,0.738834133461835,0.759041969342209,0.952455820620885,0.666374229815933,0.91395717465414,0.42212803297361,0.868597373130244,1.25384565647293,0.654307810347711,0.438647423173586,0.61104177991653,0.658439791868001,1.02555464949654,1.11388235225569,0.474809238313168,0.583495331511772,0.772178976666398,0.830456497236188,0.643320580870036,0.769404660935574,0.766096785235606,0.874712324976324,0.805899833732176,0.983571333946727,0.992643017949627,0.290100205431403,0.739718673327359,0.588626060202379,0.527150571629179,0.945862253774526,0.953455069633368,0.79622227345074,1.01659875082133,0.95707162542163,0.94553083016443,0.491117469067454,0.976583045876647,0.434149568433219,1.09409904247353,0.835242258794124,1.11138597451746,0.960303642915282,0.866762114073877,1.12102641256002,0.444131092468963,0.152304651934395,0.369206697038462,0.652227038761915,0.0671372949434547,0.173191905656395,0.743813890041589,0.672616241490774,0.9741776837672,0.812545713210263,0.599510376558399,0.913253788861656,1.11065620815944,0.174925002669782,0.890401930176263,1.00967961263362
0.812503220876509,0.382885902814146,0.470384304685374,0.213662516180147,0.119620138552457,0.850416272007319,0.610609773650051,0.246594150541696,0.305694042355618,0,0.535731269689469,0.487457616977422,0.646854276401392,0.363773235756269,0.648095314278407,0.349001550006692,0.580876252473164,1.01223239399615,0.348677276415392,0.137831532048973,0.53206492807868,0.373602594224755,0.832271806555262,0.82503512421062,0.188602927644336,0.30198599451384,0.533844682799594,0.525841347634037,0.609831006109009,0.480375349554421,0.466524559680628,0.599518927163446,0.501681123935998,0.77600065522016,0.686990041356958,0.230041002315898,0.710824735929414,0.297306649973956,0.472213935603239,0.651024624893059,0.81650824447967,0.699876770575035,0.843352136298988,0.651556070268592,0.643204812431771,0.345972036567178,0.833954840016459,0.335926293415984,0.812275268336304,0.551223462388036,0.874782730919993,0.656929429788415,0.570154321561472,0.919001666868321,0.258666043035642,0.153571594303577,0.092125658907671,0.37533365170762,0.241934291464264,0.259590860004003,0.59111207358202,0.383427019967159,0.681446180200944,0.680392977192958,0.509834479300073,0.838774884909376,0.8134309629814,0.161019007916517,0.752179928082707,0.802500399871765
0.344435119723746,0.304094236066947,0.0871349892172795,0.539942056007928,0.470474838451969,0.470849170797204,0.083808817508225,0.454947847293394,0.738834133461835,0.535731269689469,0,0.226306213971883,0.581119186675146,0.402001315203219,0.269391473188138,0.351804085966588,0.34159686148208,0.523158956832767,0.459321056684787,0.524825832805827,0.284408254366854,0.289211806276465,0.296835781039957,0.51465330392299,0.576962437906951,0.300815659912231,0.107462583451826,0.576060756529432,0.381982237638239,0.313508845459189,0.608675257782034,0.282313944219755,0.571848553885936,0.245818192008421,0.632300811297716,0.451876538101929,0.43032248444594,0.588383556768001,0.333658549719492,0.75383098624118,0.318073999109254,0.298823023052409,0.311165921368532,0.57819608436393,0.501594858754843,0.25447184907495,0.326812500218807,0.325776221709659,0.465754273620445,0.306221201182298,0.380055287349431,0.526058841107666,0.400582309430146,0.386739168425428,0.297746768024728,0.623509239543454,0.444501839439813,0.671551405755814,0.70238979162064,0.578204990423338,0.134882118930189,0.308109682306725,0.434004541514228,0.220769813533762,0.264961107272692,0.429084060114013,0.565598119179699,0.67517578563867,0.262565925626795,0.272245108325912
0.33428370632433,0.123635784555969,0.154102688163072,0.579577413739105,0.473778362434022,0.367431456127078,0.297646597921741,0.310400199233477,0.759041969342209,0.487457616977422,0.226306213971883,0,0.356315225461015,0.212142492161065,0.160939877584897,0.4662183896058,0.133930689800552,0.534124195180209,0.272686485457063,0.419373052601063,0.479307837011367,0.12247748539546,0.433809332186091,0.364115318160764,0.451794020493587,0.186077661175388,0.12821305290157,0.354488947703435,0.584787626488226,0.0882216004445527,0.399419992715132,0.115807582637384,0.353289748947213,0.361344893321505,0.407936117973994,0.507607115991967,0.647261245845863,0.42426543851693,0.501548411372771,0.530487583639451,0.526016901862701,0.524853885845761,0.479175466372748,0.353916012102625,0.282865491664429,0.360982567119086,0.528424875666951,0.4337911571631,0.336523769315227,0.094399759669655,0.405600611693148,0.306898866036892,0.179199287060916,0.494401854590836,0.341490931378459,0.617511164230413,0.400676715155201,0.493180703624679,0.707035579587851,0.628546611819227,0.360610683290984,0.125801530877268,0.242831887389537,0.445983799354374,0.454837543692453,0.654617267596516,0.385674791353441,0.646960005636691,0.478496574882359,0.384126160416501
0.523728464729977,0.336534493250936,0.509712241462431,0.817446823376474,0.695706475270973,0.411274684263972,0.645828576181075,0.400261824429232,0.952455820620885,0.646854276401392,0.581119186675146,0.356315225461015,0,0.29391937355168,0.378326481376278,0.778031456124283,0.249333521009894,0.675346569520928,0.298178405622476,0.519581231799243,0.829260740034298,0.356349617953213,0.72238695238241,0.316388897401743,0.50402538352675,0.416875049061611,0.476812169519071,0.14450396082455,0.935883637972781,0.274223597093697,0.239367694669821,0.32447935043405,0.169726971703769,0.648989137698049,0.0519805814468283,0.771330331295332,1.00271730432604,0.404289114883063,0.839562548953498,0.228195346598195,0.860226212283629,0.879881705728076,0.78523156596207,0.00886060838735119,0.0970736304377263,0.68230907962052,0.857259350457736,0.745662384879454,0.354174486981234,0.278177990849655,0.602808517096679,0.0783898974758751,0.182046912909434,0.748137680449043,0.630538767294047,0.800169934593272,0.592771797546388,0.403957783021738,0.888590085004466,0.869984130202564,0.715962050878601,0.332904814107093,0.215199698469577,0.797664782084985,0.803684380525318,1.00564207659659,0.244097228772107,0.796746637490133,0.820880515042129,0.663794563821407
0.533246703752888,0.0984085175016127,0.315212537297947,0.523674664868109,0.402184496004153,0.518553359765399,0.483712045650193,0.126612125447542,0.666374229815933,0.363773235756269,0.402001315203219,0.212142492161065,0.29391937355168,0,0.351730984008527,0.499437324828556,0.241699382147022,0.728453190598842,0.0606530508878631,0.252998261887447,0.587247879203521,0.112937236393743,0.644737504798252,0.473632170858105,0.264059765830704,0.137598031615194,0.327773902900834,0.207868069437776,0.692848968017788,0.15105800703102,0.210848729424048,0.288538242220131,0.193096273399565,0.572981657333015,0.340204596642456,0.478648662793005,0.774125251083447,0.214541908398138,0.578800988654463,0.379907371192982,0.718530839949351,0.68260405846903,0.686210687773996,0.297083199859355,0.279498814928715,0.414005625579489,0.724706583928396,0.468254620473256,0.472147759196852,0.224757907364317,0.609225009092994,0.293939736172114,0.212314893981266,0.706438254386162,0.347907076678948,0.514556554916822,0.300803195331376,0.281185120688498,0.604734942313176,0.576207886190973,0.523685009620112,0.0946000435693545,0.327259642358355,0.618075243058278,0.560413768679447,0.822094204765048,0.451939002319666,0.521203433530193,0.664543848282397,0.596095563387987
0.181666691348287,0.278425411469553,0.243885446557965,0.728670489528222,0.628643646118146,0.217164811970111,0.304069095490998,0.463946851187398,0.91395717465414,0.648095314278407,0.269391473188138,0.160939877584897,0.378326481376278,0.351730984008527,0,0.588029238015884,0.138743364323135,0.377765788349497,0.409011663725424,0.578100903726752,0.55345079221555,0.281116919933394,0.344312897712509,0.245435345648486,0.606429796989795,0.34701531531666,0.171253504485197,0.433520769486044,0.651076706814281,0.201200351474593,0.502606642035954,0.0659566779458821,0.441352703450413,0.270682656938176,0.423177401731801,0.6512141030451,0.693101586027844,0.565833190784218,0.596281398817666,0.592050968454521,0.490911950845913,0.545082194164848,0.40725635342662,0.372517192255769,0.283368100976765,0.481812656824302,0.484806170582354,0.55723198803026,0.199959923611399,0.132717138981986,0.259181251818709,0.306289072300788,0.208924378536965,0.378864034236384,0.482931061126818,0.775376759365626,0.560481346740243,0.623715021468358,0.864086028374612,0.775649197955705,0.392126142212381,0.279640192574866,0.183043240443033,0.453853812779542,0.533066928844463,0.653644708956165,0.299913348293092,0.807121347606348,0.459958298780981,0.286179439690189
0.695137416715765,0.441690244065905,0.34467221660283,0.228194346389523,0.23273692734763,0.803734572105474,0.390279981248629,0.454900855046501,0.42212803297361,0.349001550006692,0.351804085966588,0.4662183896058,0.778031456124283,0.499437324828556,0.588029238015884,0,0.599055064390172,0.873884522807792,0.528146722198073,0.431909005246333,0.196329309875646,0.422070400065799,0.615788581680971,0.824355309476245,0.497583518579257,0.364071845679152,0.420353816090311,0.706983515331924,0.261358915664444,0.519633872966637,0.689825934576519,0.572109331603071,0.690441824142376,0.583653836573136,0.828449231061083,0.14341010630676,0.362884831372872,0.57397386992035,0.12431229475713,0.873355679936414,0.531338352421771,0.379443797317594,0.599068347633206,0.778909869334461,0.730001236915202,0.1064977832404,0.554495173343075,0.032755872223043,0.786798861480606,0.559731511591454,0.731162742577979,0.751662835097808,0.629347998687674,0.71364164628558,0.152075162236612,0.350930174627805,0.294860259245884,0.665912722706612,0.404896398581492,0.249491617332256,0.325883166258723,0.445231448178599,0.708952270533151,0.390432228981016,0.180381255996564,0.507568867653761,0.851893032233097,0.421852820717008,0.468314314240749,0.608529034672983
0.31165494602777,0.198423187131774,0.282105719189477,0.698512262139903,0.586343012303743,0.277149161828701,0.399751324953743,0.365327048325851,0.868597373130244,0.580876252473164,0.34159686148208,0.133930689800552,0.249333521009894,0.241699382147022,0.138743364323135,0.599055064390172,0,0.496632966445681,0.292200748838248,0.488647652809635,0.609368192592165,0.210178693974229,0.479982106689175,0.245357801454172,0.505517266722873,0.28510616158371,0.234455013826589,0.294861762719852,0.713678493657899,0.100503525152184,0.366649167665452,0.0769218290151008,0.303348948868389,0.405667468085398,0.297947537463153,0.631894380730907,0.770761880933956,0.448394711140825,0.634929195476306,0.454913384864884,0.610893567173582,0.637829216254685,0.539237409515088,0.244762374583413,0.161463300393864,0.494372590984286,0.608133135067709,0.566487797573154,0.233077928730614,0.0395354171178995,0.391669843849845,0.185910002551519,0.0710436577762624,0.517604866143538,0.469091259513163,0.721764293806551,0.501449772965071,0.496944310018371,0.812547107800533,0.749007350461199,0.475677115781441,0.197608317591446,0.110692772543458,0.552432415495054,0.585584308583004,0.759200115574868,0.253855728521994,0.741864129677374,0.572166021916302,0.422883335649134
0.200371397042937,0.65533905260857,0.555780064617849,1.05799519998018,0.974280774264371,0.267852902258549,0.490525239848493,0.841560547298454,1.25384565647293,1.01223239399615,0.523158956832767,0.534124195180209,0.675346569520928,0.728453190598842,0.377765788349497,0.873884522807792,0.496632966445681,0,0.784276220251314,0.953494027964463,0.763908705753985,0.656439872812208,0.308987877683727,0.374921126567165,0.983970591344602,0.717233459250657,0.483253019979897,0.775051599845439,0.831118428679933,0.577400871845254,0.857741741322231,0.439918532405402,0.789118037868228,0.302593859202219,0.703533174074399,0.972045963251366,0.827171406764502,0.941448100434313,0.835169234938115,0.903525354520378,0.507392763380709,0.659803343808136,0.374703668961852,0.667129147313871,0.582841358001653,0.777470266606425,0.483901637782113,0.848753667726239,0.32373430210151,0.504787120848827,0.143238618614456,0.597432588886393,0.554604602528451,0.231957990972016,0.809872647526603,1.12646029449119,0.921519991387727,0.993570868207596,1.21125694170521,1.09898382691936,0.575826329822563,0.65677587997127,0.464889289190651,0.57355535959774,0.754130693171002,0.698138679927532,0.467460314044718,1.16702427323442,0.525147323260193,0.283149199721802
0.590677999192751,0.157705057447058,0.372243841905152,0.526748047994296,0.404570375266524,0.566672306531138,0.541712606403475,0.102093021437532,0.654307810347711,0.348677276415392,0.459321056684787,0.272686485457063,0.298178405622476,0.0606530508878631,0.409011663725424,0.528146722198073,0.292200748838248,0.784276220251314,0,0.224157553487924,0.630811990847729,0.17044220244457,0.705379771981796,0.513958467511329,0.221859692264899,0.178757675039268,0.387908333666163,0.186156867056821,0.735123512476349,0.207816611111547,0.164520391704526,0.344774110228049,0.165755372328638,0.633629939723085,0.339114740693242,0.491331545028955,0.819673961585602,0.157172128724757,0.615954325156321,0.345212476195529,0.776704009106798,0.734896610659996,0.746494773507495,0.302947098898786,0.303231391270872,0.45012551210197,0.783459107987466,0.498208646950456,0.517929382507714,0.279507592121245,0.667433888768693,0.313660666733745,0.252888066450073,0.766842225291778,0.376190895968836,0.502041995261605,0.299075186324555,0.22054560874593,0.590437221148248,0.579035713705,0.57806530756011,0.154101861787662,0.367890608392822,0.673260174178206,0.603907032555323,0.875555809236891,0.483140258109022,0.500078464359706,0.721816783498807,0.656713765528001
0.753509927149149,0.300127106235861,0.446159588775791,0.345175502379177,0.232936384132262,0.765039152705518,0.606560098474197,0.126641354216556,0.438647423173586,0.137831532048973,0.524825832805827,0.419373052601063,0.519581231799243,0.252998261887447,0.578100903726752,0.431909005246333,0.488647652809635,0.953494027964463,0.224157553487924,0,0.591368031011289,0.297230276665272,0.81225194609779,0.72615362488802,0.0657136474254925,0.24002212141316,0.495344687056842,0.392298537074397,0.682234876289067,0.390319998146109,0.329084335484462,0.521659337343526,0.367481360899984,0.748467673131975,0.556869706567896,0.341284895967668,0.779551767090933,0.161212072229547,0.546968850344013,0.513193688047248,0.830500910795696,0.739981241284692,0.835513538762665,0.524954933283799,0.52651894181061,0.395619103847715,0.844160842372676,0.410570282193973,0.721524973054522,0.464858757674196,0.822918979107911,0.537689684698084,0.465272068569866,0.89052334398077,0.303305262572906,0.288425324255312,0.138283861344868,0.245039145628091,0.372829170114355,0.3938830924629,0.608380281014217,0.299296182053638,0.579976336333823,0.703418861408883,0.566283947393403,0.882863056178241,0.703756610202547,0.277230540562424,0.768249383439465,0.774248972158485
0.611059479346336,0.505128183540688,0.327269081204076,0.42292143743765,0.42210678674251,0.753069384222149,0.278585494460128,0.581256947746353,0.61104177991653,0.53206492807868,0.284408254366854,0.479307837011367,0.829260740034298,0.587247879203521,0.55345079221555,0.196329309875646,0.609368192592165,0.763908705753985,0.630811990847729,0.591368031011289,0,0.485464350433679,0.474264744029175,0.798865695411683,0.65601575381663,0.452292504497906,0.385661790605019,0.789961065258107,0.106868396346362,0.555363164844773,0.794936188199013,0.560097728444209,0.778661058001003,0.461596188840449,0.881233976259932,0.339738495085433,0.190929744155233,0.712982060439778,0.0863197232199642,0.966222762262625,0.350781176316591,0.185204562282811,0.440450359312022,0.828045573199809,0.761955979367936,0.195896151126925,0.376294175317548,0.198825850126928,0.750050527195572,0.570905327846995,0.627358875859858,0.785806464985815,0.658058430841377,0.572439340868328,0.288064543438167,0.547238169376925,0.463153627029361,0.8052192036646,0.599177253546085,0.438080980822553,0.188291309689431,0.509293917541191,0.710404022935405,0.216147548339355,0.0269049930255034,0.311565098618702,0.84653896527898,0.617705853733704,0.292010449217819,0.482798846887529
0.456738506543739,0.0200510055577078,0.202316281502309,0.491598452996508,0.377010640118645,0.476910255836369,0.371314441479427,0.189296905748461,0.658439791868001,0.373602594224755,0.289211806276465,0.12247748539546,0.356349617953213,0.112937236393743,0.281116919933394,0.422070400065799,0.210178693974229,0.656439872812208,0.17044220244457,0.297230276665272,0.485464350433679,0,0.54150807318071,0.455523330182076,0.329718183244324,0.0750395303886322,0.220460150556357,0.304863112134229,0.592080770060232,0.111537015899273,0.322279388990824,0.227241042537707,0.295074515621147,0.471749556585609,0.407240844626748,0.430590103884064,0.66899921191315,0.310518930959112,0.486256965064502,0.482305688329945,0.606284771024514,0.57124713478159,0.578707502815896,0.356983862730438,0.31135318319029,0.326288026244278,0.613060378845813,0.389576398488402,0.439074997112733,0.178092927905862,0.527784824761549,0.331779630491856,0.216478130689524,0.609408170571513,0.277291915198612,0.511808272741483,0.291664782304183,0.387089306286118,0.602510415118835,0.542917221620508,0.411249515534878,0.0240379277123949,0.316789971364317,0.505293933375311,0.458934959218194,0.709930137800085,0.456615222798174,0.534466261361483,0.551777728352779,0.496015294593246
0.240236674534706,0.549910321499295,0.366739157382732,0.825464049733131,0.765413560756735,0.420813060048863,0.22991325352384,0.726530974518237,1.02555464949654,0.832271806555262,0.296835781039957,0.433809332186091,0.72238695238241,0.644737504798252,0.344312897712509,0.615788581680971,0.479982106689175,0.308987877683727,0.705379771981796,0.81225194609779,0.474264744029175,0.54150807318071,0,0.514986109587261,0.859093318679909,0.57656838986282,0.321937668825911,0.770412051406828,0.529380590442958,0.512549676954866,0.828916462982332,0.403152329794326,0.774827988539287,0.0744915819428737,0.766155466829178,0.735598443502531,0.518792807498705,0.852020872664323,0.553208703260448,0.934893405074496,0.203114666224582,0.351882624747477,0.0757851758056511,0.716382374520927,0.626662576381447,0.534470723903503,0.183044485449399,0.596414554059401,0.451904693797802,0.463272828523076,0.201765532449484,0.648927580055817,0.55102004963204,0.0986886700796486,0.59164643272849,0.917680056064529,0.740741189835018,0.925777999213257,0.993654471102277,0.858735237127087,0.29339798851363,0.553050834441276,0.517920017028956,0.269498924722769,0.469410660253372,0.394789357296355,0.599277487292797,0.971378545290178,0.216201769521059,0.0595091961381925
0.277066320179336,0.443554148564419,0.484718625803036,0.941459946781639,0.831043545731687,0.109128279607401,0.542593697737414,0.60019583964584,1.11388235225569,0.82503512421062,0.51465330392299,0.364115318160764,0.316388897401743,0.473632170858105,0.245435345648486,0.824355309476245,0.245357801454172,0.374921126567165,0.513958467511329,0.72615362488802,0.798865695411683,0.455523330182076,0.514986109587261,0,0.735091293870552,0.530396455026312,0.415520780596959,0.440232964640589,0.895822921565233,0.34530905649784,0.533173929264179,0.25246258252348,0.460063751674584,0.453459125217484,0.33574624547728,0.871542424079339,0.933911767844056,0.661071842049262,0.840566623407928,0.540492307327304,0.697866278920952,0.779955116208643,0.589067057852337,0.30762554131943,0.237111580368144,0.717910382277472,0.685613502167888,0.79259904774294,0.0632183837756772,0.279232165465514,0.341371576940327,0.24383602022828,0.261785719668588,0.50515775977592,0.705557580329166,0.967071493506989,0.746726267516903,0.689067155601396,1.05787955964712,0.991272228748885,0.633768372306469,0.442567710139264,0.146465102289005,0.686558918430677,0.778478487353045,0.875984486210639,0.0934253062309504,0.985833616774773,0.679538938229297,0.457182786312406
0.785270513007886,0.328903641319737,0.495489216540269,0.401424678707534,0.294161364624247,0.782554920969772,0.65974907756818,0.142515556244372,0.474809238313168,0.188602927644336,0.576962437906951,0.451794020493587,0.50402538352675,0.264059765830704,0.606429796989795,0.497583518579257,0.505517266722873,0.983970591344602,0.221859692264899,0.0657136474254925,0.65601575381663,0.329718183244324,0.859093318679909,0.735091293870552,0,0.282635203912172,0.538909481171392,0.368332376250259,0.747640080548374,0.411095990089879,0.293815354274016,0.546670612193844,0.342543926988299,0.793158991999993,0.536725178549638,0.404058016497212,0.844650535549751,0.11383529460196,0.612577563791263,0.471053525806453,0.886918255930843,0.801873400533499,0.886071748827056,0.510231300738787,0.523031809557398,0.460142420385944,0.899605029083829,0.476270248082642,0.736061870931146,0.486005607861843,0.85738438010037,0.531425629330789,0.473409661227781,0.933961970611846,0.368069228659008,0.329634616099615,0.203513781485478,0.186738591164245,0.40782479310314,0.448169213205511,0.666679066540793,0.327305140512099,0.588726435397113,0.762376644474306,0.630740782949476,0.945018213041035,0.704509218023224,0.304803674969572,0.825414015924753,0.818496254470254
0.516864379990976,0.0896563079887482,0.215877225176147,0.417513850298965,0.302080553099155,0.549007941351424,0.384607718986091,0.154132469740096,0.583495331511772,0.30198599451384,0.300815659912231,0.186077661175388,0.416875049061611,0.137598031615194,0.34701531531666,0.364071845679152,0.28510616158371,0.717233459250657,0.178757675039268,0.24002212141316,0.452292504497906,0.0750395303886322,0.57656838986282,0.530396455026312,0.282635203912172,0,0.256481941725127,0.345149311115114,0.557080473930316,0.186489840383451,0.342644385506451,0.297600835950339,0.33067872198905,0.510603986027436,0.466285473856851,0.359362811066404,0.640918849764936,0.288337276898351,0.441257030907811,0.517165579210184,0.617438636812829,0.560016536304684,0.605678129536658,0.418503477544871,0.380762946898176,0.276427124719322,0.627388002369798,0.332372453117954,0.512724977814493,0.252248105383822,0.584177296978932,0.399976240103958,0.289497473378697,0.651811283822694,0.214140497371181,0.437383339857098,0.217667895315379,0.374301136263518,0.52795504687118,0.46911433502992,0.407701885731256,0.0918179076947169,0.391748083159398,0.504087500896874,0.425392589737116,0.702020012741064,0.531082604622833,0.462258375342635,0.558943521611738,0.53604266991047
0.288038538633173,0.230489741299823,0.0768068008936906,0.579095268437372,0.49109041150931,0.383874740234377,0.170316397649439,0.40467090181296,0.772178976666398,0.533844682799594,0.107462583451826,0.12821305290157,0.476812169519071,0.327773902900834,0.171253504485197,0.420353816090311,0.234455013826589,0.483253019979897,0.387908333666163,0.495344687056842,0.385661790605019,0.220460150556357,0.321937668825911,0.415520780596959,0.538909481171392,0.256481941725127,0,0.48270136133239,0.486447197752413,0.216271267399532,0.525093101446175,0.17561575930571,0.481222173722576,0.254294643025524,0.527532097230418,0.496351055386587,0.537693015642013,0.530736422652569,0.425193891124051,0.658482750002248,0.398029362803577,0.4039308032204,0.358670671994849,0.4734936361919,0.395057191947593,0.315167270440654,0.401125483705478,0.390503111789697,0.371114406096621,0.199917958478954,0.342662156759436,0.419544418931735,0.295256160610945,0.395374010202111,0.329999676244975,0.643226252959981,0.442025068774628,0.60699506247561,0.728188809384703,0.622926252918382,0.241233810168174,0.233938177879089,0.327177790809885,0.320969173715561,0.364115347147794,0.529309437281161,0.461002040257262,0.685357035692392,0.350395790970392,0.279591980640236
0.602635639597733,0.28555133528029,0.493970917827077,0.712083231714847,0.590048447623201,0.522418070693741,0.651445437857868,0.283655010218456,0.830456497236188,0.525841347634037,0.576060756529432,0.354488947703435,0.14450396082455,0.207868069437776,0.433520769486044,0.706983515331924,0.294861762719852,0.775051599845439,0.186156867056821,0.392298537074397,0.789961065258107,0.304863112134229,0.770412051406828,0.440232964640589,0.368332376250259,0.345149311115114,0.48270136133239,0,0.896359131190489,0.266669083271585,0.095794625043008,0.369643742258419,0.0260552546892406,0.695937643309519,0.169223837839341,0.677292944823799,0.973769258810616,0.263243933874591,0.78571082561118,0.178498032424639,0.88026284712653,0.869888483193863,0.824766466049746,0.152325907876046,0.203127942306698,0.621497719319473,0.881846543404263,0.675973737439955,0.466432640570791,0.307174344407653,0.683133261830113,0.198741001318665,0.226354681262016,0.812337220639196,0.5551620103881,0.679110959137889,0.484030732508984,0.259774088186947,0.765003780614813,0.764202514577941,0.706763385299809,0.281332189544835,0.312568052369094,0.796797834652681,0.763322675620319,1.00473221603196,0.380009758422563,0.668263818321097,0.832826709174259,0.714831848975701
0.692835000276545,0.611793021036188,0.431785873186198,0.471184056402128,0.494082772733204,0.844009990519337,0.361896817556778,0.681504333151601,0.643320580870036,0.609831006109009,0.381982237638239,0.584787626488226,0.935883637972781,0.692848968017788,0.651076706814281,0.261358915664444,0.713678493657899,0.831118428679933,0.735123512476349,0.682234876289067,0.106868396346362,0.592080770060232,0.529380590442958,0.895822921565233,0.747640080548374,0.557080473930316,0.486447197752413,0.896359131190489,0,0.661854686025943,0.899514897181533,0.661847438679531,0.884737034734024,0.529715573114211,0.987862174900866,0.398062505279648,0.101819228142192,0.811068910729546,0.137639240475622,1.07225076431433,0.371758482519394,0.190269100990907,0.482884269799588,0.934591045771808,0.867625571923347,0.291687000196579,0.399283951813606,0.274902108034061,0.844777881521321,0.675559967205741,0.700206209437627,0.891577060287774,0.763811890720538,0.624460658906895,0.380951722394503,0.602706379298419,0.549269652222248,0.903592735539656,0.642170690224637,0.475132694895525,0.267947290113728,0.615948953354651,0.812937312015907,0.259914407144529,0.133163716862541,0.27397757145511,0.947181192397372,0.676333277851804,0.324086831291461,0.547986523474241
0.382866670047096,0.0982877246510535,0.236890578574679,0.602807980477527,0.488539421747206,0.374798755556808,0.385865058991556,0.269241578075529,0.769404660935574,0.480375349554421,0.313508845459189,0.0882216004445527,0.274223597093697,0.15105800703102,0.201200351474593,0.519633872966637,0.100503525152184,0.577400871845254,0.207816611111547,0.390319998146109,0.555363164844773,0.111537015899273,0.512549676954866,0.34530905649784,0.411095990089879,0.186489840383451,0.216271267399532,0.266669083271585,0.661854686025943,0,0.316484740667726,0.137482588422609,0.26649816098262,0.43877746091644,0.326193047237739,0.539803743682013,0.728921658983001,0.364676046436557,0.569460909851169,0.4422765163523,0.613594071200304,0.611309958632159,0.562096516036018,0.272752330319539,0.21131889524742,0.418255269741533,0.615381714708148,0.486878640872794,0.332936604729446,0.0749602583077608,0.459780857869442,0.233955700965869,0.109763195035198,0.565715448489218,0.381500953767801,0.621855373898791,0.401489984255383,0.424148938802235,0.712712657247815,0.653928110559164,0.447074830068749,0.0972615289738269,0.205262205209676,0.53375827120054,0.529983452860383,0.742348336214603,0.34545125400954,0.641360781739397,0.56664845290438,0.459972791294083
0.678210963945697,0.305533813246088,0.522892444332617,0.665284723785178,0.545236031976557,0.611148501155023,0.688479401388911,0.240845900885401,0.766096785235606,0.466524559680628,0.608675257782034,0.399419992715132,0.239367694669821,0.210848729424048,0.502606642035954,0.689825934576519,0.366649167665452,0.857741741322231,0.164520391704526,0.329084335484462,0.794936188199013,0.322279388990824,0.828916462982332,0.533173929264179,0.293815354274016,0.342644385506451,0.525093101446175,0.095794625043008,0.899514897181533,0.316484740667726,0,0.436955702357284,0.0732897135756885,0.754968741272354,0.258206382612842,0.641424569095845,0.983258579144375,0.181970406963677,0.780251948057977,0.188038083407474,0.921866578874602,0.893255914912033,0.878054082818854,0.247443452144189,0.296454131978793,0.614397557218836,0.926068308738418,0.660566915788097,0.55601663569944,0.371139482155935,0.758313120401341,0.293752611462252,0.303422003395203,0.878567977476851,0.538436142032464,0.617220714819953,0.439035689569068,0.164688073588996,0.699545548028175,0.716278682996142,0.733470014602158,0.301394623914325,0.400547595728029,0.827036830221059,0.768035550464328,1.03220560761976,0.47545964847918,0.598362016181416,0.870294910197221,0.775661827929163
0.246536396140672,0.221737292903257,0.236487935574371,0.695066548467454,0.589527116519449,0.252121087150927,0.332263045146722,0.404240473678953,0.874712324976324,0.599518927163446,0.282313944219755,0.115807582637384,0.32447935043405,0.288538242220131,0.0659566779458821,0.572109331603071,0.0769218290151008,0.439918532405402,0.344774110228049,0.521659337343526,0.560097728444209,0.227241042537707,0.403152329794326,0.25246258252348,0.546670612193844,0.297600835950339,0.17561575930571,0.369643742258419,0.661847438679531,0.137482588422609,0.436955702357284,0,0.376582015289177,0.32879797006781,0.371875159764019,0.621865892725635,0.712442246774996,0.501865182260392,0.594079633916935,0.53175602775726,0.536549951293153,0.572846884985536,0.462419180761557,0.319448179066643,0.233092328931448,0.465741814740679,0.532923410736343,0.540248295434599,0.221032847878333,0.0668122647039496,0.324808844304965,0.257101863196156,0.147947456807062,0.443017842062202,0.45468554942496,0.732437818472157,0.514440660240929,0.55820285523769,0.822238962138809,0.74373271578678,0.413450623916575,0.222399820438432,0.151690673651971,0.484896877383287,0.537751776051588,0.689737044225448,0.28695603848116,0.759847537791171,0.500031807246486,0.346277697159805
