0,1.00594464639833,1.2232237472794,1.06655757773342,0.99969350832089,0.58210811255616,1.11066841222206,0.60732258259646,0.92258501326255,1.01411199645947,1.26330133443218,0.766172922753391,0.58736317044085,0.359451866175111,0.778421478981416,1.23384042485258,0.757493310273406,0.954189106503377,0.728471506615392,0.983933522651904,0.978274372459044,0.858935535747457,1.12765913390749,1.07955509143374,1.2264022825935,1.05624849177525,0.798250568201016,0.510043392336444,1.21959636395719,0.993525318633851,0.594603876554387,0.371339304714558,0.364215221277499,1.01883074244652,0.684401657936766,1.20292392128312,0.865089881290784,0.909481518757687,1.20518242425219,0.930145394706334,1.13848082153626,1.09840389429952,1.13463513865773,0.888828302965792,0.609916144354156,0.995277212624576,1.00077109882984,1.22021674230234,0.676679949581269,0.35168528840308,0.636695049206995,0.497675543271905,0.206537643692247,0.844619790638028,0.98995753751975,1.02673493976146,1.12433630876836,0.2679996158537,1.17790255017714,1.25936779510624,1.36878672031028,0.984509484810358,0.715224233226458,1.3510590775391,1.21139896051375,1.17938630540731,0.717419343864376,1.07230925849057,1.00177475484596,0.602843397954266
1.00594464639833,0,0.362889088011459,1.05465103622345,1.21922851277532,1.00568641994271,0.537648061191368,0.779883762296046,1.02798203257242,1.00636454403792,0.459949381337729,0.246936334763172,1.07725468363813,0.806482798704274,0.383938119526177,0.985358200375476,0.496855884311615,0.688882434969692,0.283547967363219,0.561574752065699,1.20265843690426,0.21209607959032,0.190943070744197,0.906298872295144,0.342730879517489,0.275376443277317,0.390885538745453,0.803667674411963,0.991206956624985,0.264754911610241,0.617482964507324,0.652530534383436,0.843023990929237,0.0969021007429399,1.15410464992759,0.994530323877224,1.11710308831121,0.10182414184155,1.0000870401113,0.92978384853524,0.781011461080989,1.02598063717767,0.398610157752506,0.883740021660425,0.91480623737586,1.23139961287234,0.868851128119127,0.968384423742681,0.934708993333335,0.668153069252531,0.496210567879765,1.13807299694235,0.926263113151407,0.16876275540495,1.11677206247476,1.11530411121481,0.771350179790918,0.832000359379632,1.00284624581092,0.993892469870766,0.739596694028163,0.0219364391989173,0.789477875585561,0.806956181823821,0.97678697663361,1.00128150643281,1.28798753508458,1.06449837879288,0.972108009693313,0.572414934290481
1.2232237472794,0.362889088011459,0,1.00159717484873,1.13157616092383,1.16619540625428,0.303139592967277,0.863712111734948,1.0799249573895,0.873642629886222,0.108544733138466,0.52767408898405,1.221701337242,0.990258973314628,0.698744150813591,0.866281430386611,0.787010396376934,0.900292121967451,0.582816785062552,0.42455767695874,1.14547901143416,0.409904421344218,0.177766143927686,0.996598528058741,0.0320360076588126,0.186631883690646,0.47989418922924,1.03142784702829,0.962692698508896,0.580473792325394,0.887556223992306,0.91243258248751,1.07592535801178,0.286559303666233,1.25697951292327,0.883167945803397,1.15510432401887,0.414038929252328,0.918251462041186,1.03330284967352,0.566459101019046,0.904186972256784,0.144217230204238,1.01903730851842,1.09490750201528,1.14330949197735,0.723644700730168,0.823409505865543,1.0943018706659,0.924773360897932,0.790417547880859,1.29482832552959,1.15317705150737,0.457010443971948,1.00944805582731,1.0412025814528,0.559425600766937,1.03811571245999,0.963325298981367,0.963280847786208,0.44752635623999,0.376513057576781,0.992756149989672,0.547019152359751,0.841626050000643,0.905567761717518,1.36848367328942,0.959864418490333,0.838903667894258,0.711607359883696
1.06655757773342,1.05465103622345,1.00159717484873,0,0.604581075794407,0.645076350506478,0.840951889661352,1.05950364865979,0.312072095408297,0.63815650588137,0.954714062222135,1.00385093516202,0.636059062407014,1.09462821659034,0.975183102093247,0.263396990892594,0.928028156162145,0.840769444406513,1.00099748880524,0.861813027911835,0.384574575805818,1.0008852020748,1.04359713717802,0.57647194665918,1.0205888136666,0.980676346965016,0.972741653578088,0.793437362161111,0.370327028093244,1.06524485643577,0.877448490887875,0.967409786091164,0.86048732737765,1.03340746880388,0.549821269535112,0.218658997766403,0.307932328405673,1.02882395806062,0.228347403371346,0.493855464217254,0.63422317132542,0.274808952104976,0.932158326972971,0.574994455259239,0.666039610959314,0.688414049740112,0.710241886141042,0.292482698543928,0.605590435911354,0.973777988401733,0.930841085144558,0.744380341963991,0.940301781400429,1.01128805890932,0.695990750117632,0.23394728727687,0.657467814664084,1.08840595463845,0.268848735706161,0.423771822634658,0.756042661191803,1.04897456356109,0.716854022927026,0.652566859230024,0.265747157431847,0.181482038706577,0.623607353612413,0.254534030903959,0.670717633586987,1.01312871907349
0.99969350832089,1.21922851277532,1.13157616092383,0.604581075794407,0,0.892955453531715,0.852122929718417,0.822719900318554,0.798384654700347,0.292068022989094,1.08077584108389,1.10101915061846,0.84601082443738,0.947454405967881,1.21454209891891,0.744134700790062,1.20783465077746,1.2616446890717,1.11623201942233,0.780586400886469,0.26522425561629,1.07010903645147,1.18671390279612,1.11392364714931,1.15760517562263,1.05690744490991,0.94258237880128,1.02889212023514,0.95966359664629,1.3277014374239,1.11769473832082,1.03566542946107,1.00678553942881,1.16546124910226,0.747326158228522,0.702135005710892,0.649361605515286,1.16237194746995,0.786142841880516,0.987052681052917,0.617583611178199,0.426300951258417,1.00373530439878,1.03841098815062,0.96096350665369,0.0910465112900849,0.45837991873864,0.666234160352891,0.940754438194067,1.02990857359389,1.14317705601567,0.859547117981114,0.990702630910249,1.12525480164355,0.197431525031561,0.375125531330246,0.616362709055962,0.975952980946218,0.861876983836396,1.01040321088396,0.945559645670537,1.20935709351233,1.07256559729791,0.869997298873825,0.667482011428495,0.700328016001059,0.671965233935489,0.389399691262643,0.337284129923375,0.907279149506405
0.58210811255616,1.00568641994271,1.16619540625428,0.645076350506478,0.892955453531715,0,1.0693069482652,0.926707532995656,0.394695560888463,0.951260480532094,1.17982774925436,0.851114962427284,0.0965398506503063,0.788558894484207,0.722923451898254,0.837118850426666,0.632428546306473,0.622863645211129,0.808553342921859,1.01752678476431,0.72187750347513,0.934320052169207,1.10536530510984,0.58301048888785,1.17204553806682,1.06316671077806,0.928346770771577,0.277047928328893,0.733057113069671,0.92184709553868,0.481604646485521,0.56464944974126,0.317337553124028,1.02768695073894,0.236472726935316,0.807546449210969,0.39551841940263,0.943597630200996,0.768069681788354,0.403297739984767,1.0094289857441,0.809096807477227,1.10175321281547,0.386874760697372,0.129351768328399,0.941608951689883,0.980349388900499,0.870481988163385,0.14360141033267,0.568049408297285,0.600363853659967,0.208143096190775,0.402978512098895,0.901022051367847,0.96121463415325,0.710013781765452,1.01378681090823,0.725838983816832,0.70062214892697,0.773400214493019,1.16415511871445,0.990104980601723,0.329496403397149,1.10941003982988,0.850151051122755,0.770537626818634,0.414150999655591,0.775910472634328,0.961895881803794,0.856988153297484
1.11066841222206,0.537648061191368,0.303139592967277,0.840951889661352,0.852122929718417,1.0693069482652,0,0.693422527746029,0.973993380852895,0.580172464851283,0.255528739274442,0.577106936776391,1.10366583506802,0.871840036561118,0.786514642737406,0.741847370087806,0.856727056919905,0.975269808150166,0.632470158440172,0.174700776830969,0.904893347569917,0.458181673519746,0.408707375474362,1.00149651009212,0.332392130249016,0.280615405735562,0.410684979656457,0.990543725550514,0.913219054040907,0.752024948632153,0.899695968614745,0.869532338478219,1.01298395930506,0.44991372142618,1.11106026872964,0.745979906988139,1.00033380904489,0.53249958478346,0.811071376216521,0.991486367106593,0.299704321111276,0.682714353829069,0.170507083425479,0.995847104903683,1.02925873660913,0.856419164558513,0.424725819313156,0.667684122972403,1.02513793401084,0.876413967394279,0.8266498716959,1.16437553638434,1.06403557038256,0.538889398692753,0.716217406663234,0.821503487543822,0.281886498452868,0.930564632843731,0.881715881487847,0.929524115722856,0.382869180216904,0.53985032077305,0.981061244114576,0.443137112330913,0.688809423426338,0.770058371498515,1.18713858485345,0.736119520516012,0.542787885744633,0.603712599710196
0.60732258259646,0.779883762296046,0.863712111734948,1.05950364865979,0.822719900318554,0.926707532995656,0.693422527746029,0,1.07727240145261,0.686443304558195,0.891379868079621,0.579464435615078,0.937599078024151,0.280626798205664,0.815492121014042,1.1351433605808,0.873511686886415,1.11229906361129,0.601229942608958,0.524331846494414,0.932616407235014,0.568688710173989,0.815360626705562,1.22095714381925,0.874063655332104,0.688601267401353,0.405311732450323,0.836229047049537,1.2470799627196,0.929927850558171,0.80430536487679,0.561099678009278,0.752756038614198,0.736911491311466,0.976852943819818,1.11170520268545,1.02060326674378,0.687806896371171,1.1622565268901,1.11587167681848,0.779169541872308,0.945027855383976,0.743107741973469,1.09515685206574,0.929993073990837,0.78375971113481,0.597340017778183,1.07224278499966,0.969104754430973,0.548910151648243,0.753276385377573,0.908471264471271,0.691309187663951,0.630037101852363,0.694780557784325,0.962147987088068,0.750795906554404,0.375472376949541,1.19439353367747,1.28342308261021,1.04443172943836,0.762912832388178,0.970506746462241,1.0593370879324,1.07902675531765,1.11060498216437,0.993783905696577,0.948442982668,0.646658119842075,0.218761115424344
0.92258501326255,1.02798203257242,1.0799249573895,0.312072095408297,0.798384654700347,0.394695560888463,0.973993380852895,1.07727240145261,0,0.846949819311083,1.06229035681811,0.950462984343908,0.404772939794373,1.03151137106258,0.838519265762112,0.493542134884342,0.758216909756465,0.636034789137402,0.926610650275629,0.977317935688503,0.566563359481033,0.990484304748299,1.07176964704803,0.380338251077374,1.09115205227252,1.03389932148172,0.99279897077733,0.563914730214308,0.375622357241395,0.967862592609883,0.684228960803556,0.825676758908985,0.653752120855517,1.03421606379502,0.361878267764411,0.466303936341113,0.201923634243558,0.994595593485444,0.404988914097199,0.22922278853195,0.84319825682081,0.557093378459876,1.02597055448307,0.311133110689363,0.403921046703281,0.873535995158167,0.895932084435446,0.555652184595186,0.330937893389924,0.834000700563713,0.772249766726123,0.539600784244841,0.758020922992046,0.971395394069052,0.889425974282017,0.477901542851069,0.860451287359687,0.998125738590849,0.327498433546138,0.424136821538484,0.940626805367964,1.01908497487701,0.4662883406598,0.858793727559109,0.529052570111928,0.423321029297609,0.515983980225215,0.53103378689191,0.870183511915555,1.00140000976012
1.01411199645947,1.00636454403792,0.873642629886222,0.63815650588137,0.292068022989094,0.951260480532094,0.580172464851283,0.686443304558195,0.846949819311083,0,0.81848016205969,0.919313814000485,0.932244481502229,0.868972842066468,1.08078500588496,0.685678361330355,1.10056083036073,1.1835493212665,0.949093962762366,0.51391338205902,0.452881750596913,0.859310716243511,0.945626374870644,1.08341929853814,0.901453042798878,0.807742113182718,0.728208011972213,1.01475814902654,0.928963291148806,1.1556319325619,1.04641800681444,0.961619829228106,1.00182514869147,0.939209924715193,0.86964515717493,0.656149693844713,0.755338100088205,0.958520028406251,0.753325274276436,0.989928207784625,0.360628328766451,0.396587253616623,0.7410476219123,1.0292021416736,0.984199227614949,0.28604007619123,0.173336516833297,0.58563334109947,0.969499229352887,0.958626868533739,1.03871933973106,0.962236316692197,1.00245011438854,0.929426737941072,0.149963166531697,0.462032539253096,0.350549941766569,0.918264552350056,0.844265281905407,0.971458705624975,0.714067254500775,0.999092698000483,1.04751590118756,0.663070484640812,0.598329838260498,0.668520888860486,0.850850213572565,0.407449842367439,0.0537737259215001,0.745652285517145
1.26330133443218,0.459949381337729,0.108544733138466,0.954714062222135,1.08077584108389,1.17982774925436,0.255528739274442,0.891379868079621,1.06229035681811,0.81848016205969,0,0.605953656389241,1.22976777455863,1.03495844101721,0.771297639554856,0.804345671161139,0.84989938328803,0.940738856304325,0.660126000623398,0.408789491025347,1.09773263490241,0.487453185219978,0.282354188514862,0.997032684373995,0.137331569406406,0.257538793276281,0.530553582043697,1.0685848130793,0.92775900073234,0.665136323232272,0.940997344709254,0.967962115979738,1.11544186547232,0.38308091340863,1.25192187338686,0.822632356073392,1.13185796923107,0.503909601090566,0.86627016958052,1.03342261125915,0.490874755647806,0.840793777736174,0.149810563690609,1.02921472341195,1.11561799243326,1.09471683796679,0.673424178410941,0.754342983320668,1.10865580260067,0.97959121420198,0.853982758389834,1.30669570481122,1.1922370026644,0.540785385202083,0.959959082625782,0.98874896347976,0.486799289291031,1.08476530853983,0.923346226731739,0.928985966396375,0.347844428138281,0.472177378644807,1.02317769060853,0.453014561091957,0.774968669133547,0.848995307212762,1.35639952291412,0.900331861051919,0.786236882526534,0.757322097676002
0.766172922753391,0.246936334763172,0.52767408898405,1.00385093516202,1.10101915061846,0.851114962427284,0.577106936776391,0.579464435615078,0.950462984343908,0.919313814000485,0.605953656389241,0,0.916440300754875,0.564705812162927,0.309153517775742,0.996600310590905,0.417563102152983,0.677460714682986,0.0682326941679626,0.528566963697582,1.09358065709218,0.140039163927698,0.386236594398714,0.899096113514309,0.518819549074316,0.369491174410036,0.264092059760835,0.641948553531488,1.0056179766946,0.355445833586477,0.472727249167289,0.423846280774168,0.647549520489352,0.265786698578261,1.0025083401675,0.993847682502944,1.00826283812779,0.146360773951747,1.00275016555686,0.872923754419855,0.780751576231336,0.978620618938293,0.495305420350319,0.822298708820347,0.774265216724484,1.10626670478587,0.795599650867339,0.974801019329814,0.808804133674283,0.436616664631026,0.350995223113377,0.954154184378491,0.70607517072386,0.0807323759726533,1.00444250908293,1.03548678959666,0.766174579347973,0.585813014946347,1.00023988939361,1.0205165294291,0.845367088766648,0.225284573696156,0.686634406509307,0.889326975994315,0.979600010696275,0.993113698035445,1.12247960930498,1.0035254862876,0.884975753263721,0.361756748550153
0.58736317044085,1.07725468363813,1.221701337242,0.636059062407014,0.84601082443738,0.0965398506503063,1.10366583506802,0.937599078024151,0.404772939794373,0.932244481502229,1.22976777455863,0.916440300754875,0,0.806713239118448,0.808620703492178,0.84987791764878,0.722996420506236,0.71556640152368,0.877165885790136,1.04528075455097,0.672105054008071,0.993586895744139,1.16912283693632,0.6468237647447,1.22952190117264,1.11697979982756,0.972271862905502,0.363559444624815,0.765561626244955,1.00738193614829,0.569181719202401,0.620965032068005,0.377685704478023,1.09327784124638,0.154318645909731,0.816183749169001,0.35941263796061,1.01242219842407,0.783131886059366,0.460101492801345,1.02260949865061,0.79554188907936,1.14905509098047,0.459450920166474,0.225566144472869,0.89501730334051,0.976956814068017,0.878679121477619,0.227221389622203,0.621513197128843,0.683754735753172,0.142116996259152,0.430374852653383,0.967740380879497,0.928799917002868,0.678777851358505,1.02688964873698,0.74565601347403,0.722765829924308,0.809746847682339,1.19875816068418,1.06150328590091,0.424558213741512,1.13776182597943,0.857759288549513,0.778231641172575,0.320937436469088,0.755187780189845,0.946619757977257,0.8896584170276
0.359451866175111,0.806482798704274,0.990258973314628,1.09462821659034,0.947454405967881,0.788558894484207,0.871840036561118,0.280626798205664,1.03151137106258,0.868972842066468,1.03495844101721,0.564705812162927,0.806713239118448,0,0.716692153455732,1.20446084796396,0.753474110147522,1.007675054535,0.554441232206599,0.723211984848113,0.997939631551084,0.620153971171965,0.900896217100195,1.15852191823808,0.994239858356825,0.808289436850309,0.518492014937871,0.666359290231749,1.25179561061673,0.881187886614044,0.650029976709318,0.363840980286151,0.555036381360695,0.796544729343188,0.881191662469085,1.17927237223728,0.985265402511775,0.704889102114033,1.20575509313829,1.04006142845892,0.957998648345405,1.04818754565268,0.891389106684894,1.00233374888567,0.788432880006083,0.923388628187106,0.804989618533528,1.16505702188413,0.844555019855232,0.345192711420951,0.619325726239553,0.757168969463085,0.466580088831048,0.638277945504396,0.867300376992499,1.03065603688531,0.935494828771554,0.0999167250528003,1.20842485551046,1.28798989991372,1.19439455916004,0.785712811596341,0.837785773502598,1.20177388380079,1.16517931072896,1.16834184860306,0.915837977185592,1.04085758287484,0.839422969671709,0.289864132634233
0.778421478981416,0.383938119526177,0.698744150813591,0.975183102093247,1.21454209891891,0.722923451898254,0.786514642737406,0.815492121014042,0.838519265762112,1.08078500588496,0.771297639554856,0.309153517775742,0.808620703492178,0.716692153455732,0,0.981250592308186,0.125770730075967,0.404529618385335,0.253656732117014,0.772870932041321,1.13932753544093,0.424650077736206,0.555626281811368,0.702579515516157,0.685746619194313,0.596136554728107,0.555347450288374,0.476778318936195,0.895561004827842,0.228857803245542,0.264630776962839,0.412814562160406,0.535445669955937,0.456524933742007,0.919460547293728,0.98129639144076,0.941175997103608,0.345108085954124,0.954710023088713,0.697750318517603,0.937812031681231,1.03409251445966,0.701872550930878,0.624677911020935,0.614067604632371,1.23897654926392,0.988671792678429,0.995197533123719,0.648645642346641,0.434562791214651,0.15064729897797,0.867793289281135,0.649502389183635,0.329470381722235,1.16279092631752,1.06550799056652,0.933264110480469,0.694122155155972,0.913239205268192,0.903471998233687,0.951098944732404,0.369110901552897,0.470202340621733,0.9755592539142,0.991930960398075,0.970634087854712,1.0778954505307,1.05157541125489,1.05848476684513,0.60890960508211
1.23384042485258,0.985358200375476,0.866281430386611,0.263396990892594,0.744134700790062,0.837118850426666,0.741847370087806,1.1351433605808,0.493542134884342,0.685678361330355,0.804345671161139,0.996600310590905,0.84987791764878,1.20446084796396,0.981250592308186,0,0.952523722956815,0.848803115029166,1.00483729318437,0.814612677968205,0.584545674527163,0.968461326744678,0.938274824017913,0.591867130012372,0.886005730713659,0.892952402157295,0.96395270675845,0.923287166336561,0.306055182821017,1.01397956851644,0.951575281079943,1.06620182805917,1.00688570665288,0.957644223575255,0.789384068991994,0.048575561309838,0.557498824597823,0.98369144646546,0.111734728575549,0.590724257127083,0.545742274619204,0.321080954126468,0.820496542458197,0.662770576076306,0.824069177988268,0.819715451384508,0.716773685962557,0.114868476854284,0.765571518901224,1.07606559196156,0.977092591447324,0.966275889389313,1.10386756831729,0.982809453115583,0.786349508032341,0.415533514398632,0.577025010294752,1.21083433254458,0.238664756127297,0.335913797441793,0.552087740153112,0.985107314825146,0.81455305133472,0.44145784316575,0.0929804304406854,0.0826488605622493,0.880326422442385,0.357516888008482,0.709582183846023,1.06243654968259
0.757493310273406,0.496855884311615,0.787010396376934,0.928028156162145,1.20783465077746,0.632428546306473,0.856727056919905,0.873511686886415,0.758216909756465,1.10056083036073,0.84989938328803,0.417563102152983,0.722996420506236,0.753474110147522,0.125770730075967,0.952523722956815,0,0.303749841726281,0.359922931443754,0.844784643123037,1.10787578159275,0.531687218436472,0.657164470764571,0.612447956425782,0.776178553683804,0.693026906295026,0.646164105820262,0.386191781816591,0.835664742113538,0.319057631728482,0.181674223149806,0.415318458003643,0.468939682751105,0.565467305102782,0.839873888593724,0.950814441312211,0.870534272419321,0.460964499096327,0.91255702580634,0.601801287123612,0.974199275579407,1.0186196781284,0.786474184285694,0.521513243727544,0.515469502628801,1.23911354474197,1.02596296941153,0.978352633002149,0.549175088026247,0.437630252867231,0.135765939667917,0.789866740585369,0.602889011862991,0.443130706092129,1.17645271507522,1.03366238940039,0.97283178070652,0.717175459784546,0.856645017978461,0.844316318835369,0.991594731434842,0.483217589993044,0.357290895711207,1.00213624234818,0.971319570154505,0.935024236345395,1.00882381495366,1.0302874957435,1.08384922542743,0.679661564565145
0.954189106503377,0.688882434969692,0.900292121967451,0.840769444406513,1.2616446890717,0.622863645211129,0.975269808150166,1.11229906361129,0.636034789137402,1.1835493212665,0.940738856304325,0.677460714682986,0.71556640152368,1.007675054535,0.404529618385335,0.848803115029166,0.303749841726281,0,0.63245512134798,1.00226828941747,1.10616689085527,0.761766710551592,0.807985879140728,0.367809817925658,0.891823951726861,0.85882735585769,0.875234088780732,0.467621692309955,0.648510459774198,0.486575843529202,0.379156607830624,0.666597100901597,0.604605536440803,0.751691526787973,0.813632956647786,0.853739224061831,0.80118555428648,0.684265433236669,0.783705947764094,0.424359676663473,1.03471510764566,0.996686368536913,0.916946065468777,0.342801015956111,0.496604453145451,1.31212303454738,1.13547254292395,0.908038667616064,0.493010567964743,0.687335657096916,0.421493028056348,0.821697639375883,0.764916737380208,0.68324213582925,1.26615616611215,1.00516471433406,1.04363184721615,0.965978766671672,0.697060635331391,0.645360422282399,0.995319809360507,0.682375812604667,0.297285740378784,0.983879237753919,0.895035764364358,0.832728928056541,1.00580779773785,1.00716501987095,1.17845186549086,0.933144001346241
0.728471506615392,0.283547967363219,0.582816785062552,1.00099748880524,1.11623201942233,0.808553342921859,0.632470158440172,0.601229942608958,0.926610650275629,0.949093962762366,0.660126000623398,0.0682326941679626,0.877165885790136,0.554441232206599,0.253656732117014,1.00483729318437,0.359922931443754,0.63245512134798,0,0.583526515038409,1.0966915209751,0.20737894569949,0.438641816210117,0.869200447198552,0.573305226973373,0.431407235603961,0.320009012755702,0.587719394770667,0.995639287441868,0.335793144541859,0.411747700824404,0.374179972432249,0.594823499255535,0.318376247483876,0.970921278096753,1.00111853608061,0.988240993291364,0.190499768603419,1.00345855125725,0.839751200439889,0.82149877731546,0.993079687935729,0.554160507132092,0.783900757150714,0.727723165842171,1.1241023265244,0.83387417208238,0.98945358729062,0.765693610527346,0.38877391835331,0.287053388787029,0.914177269279274,0.658813447147997,0.133776168531086,1.02950374227748,1.04007219041716,0.808343812216881,0.564095991095191,0.992576508759684,1.01072099410351,0.886790862695268,0.261710972875415,0.636592792071419,0.925046951416786,0.992211186109545,0.997436264041854,1.09650971707502,1.0145590336499,0.917151506919546,0.384004258952129
0.983933522651904,0.561574752065699,0.42455767695874,0.861813027911835,0.780586400886469,1.01752678476431,0.174700776830969,0.524331846494414,0.977317935688503,0.51391338205902,0.408789491025347,0.528566963697582,1.04528075455097,0.723211984848113,0.772870932041321,0.814612677968205,0.844784643123037,1.00226828941747,0.583526515038409,0,0.862427074710944,0.418356690694138,0.475925880311986,1.04747130456412,0.447817539047431,0.321987767176979,0.305273580559522,0.938062680490144,0.982998890508354,0.778710577388687,0.859632093586117,0.775874246622755,0.936030853358146,0.476152391757162,1.05639224572822,0.808867812491588,0.976935385773966,0.525556808239343,0.87604881765217,1.00791678862698,0.34946309105775,0.696652919926319,0.280681690671872,1.00756933263329,0.989228579127412,0.771259984752186,0.346994440284047,0.736654703235414,0.99490946286422,0.778957746214665,0.787930888575528,1.08658900438057,0.963374166712278,0.511556717022895,0.629175069988548,0.809055618234055,0.320418748245857,0.790292722823759,0.941124691948833,1.00688621449506,0.543487601479034,0.557475733463624,0.965019236933266,0.583750067647226,0.754621613471857,0.826663549776376,1.11601462060794,0.738008411437403,0.468248906667967,0.460487028510948
0.978274372459044,1.20265843690426,1.14547901143416,0.384574575805818,0.26522425561629,0.72187750347513,0.904893347569917,0.932616407235014,0.566563359481033,0.452881750596913,1.09773263490241,1.09358065709218,0.672105054008071,0.997939631551084,1.13932753544093,0.584545674527163,1.10787578159275,1.10616689085527,1.0966915209751,0.862427074710944,0,1.08371729834187,1.1891471934592,0.908747826760321,1.16876761558918,1.08313962701145,0.992101251852818,0.900216032943948,0.753014383797458,1.26225642186105,1.01424123858058,0.994791390666496,0.905643102931201,1.16484835168849,0.552367643101715,0.536911900095073,0.409380925444396,1.15190113465693,0.596953064049826,0.776286129866382,0.665939278714438,0.320402708327975,1.0362813415705,0.84006991782832,0.793557307793556,0.352402199712544,0.594525969531704,0.540583196429598,0.7577508620814,0.992561405158689,1.06385882430969,0.71467069165883,0.919663791946557,1.11782208407622,0.426472149420595,0.169043590255267,0.675704512453934,1.00341495210925,0.652616967841887,0.80685604750675,0.932552960313053,1.19297913108141,0.910990829486254,0.838985042038553,0.530297551433591,0.521478706684527,0.500983848639734,0.253701659381664,0.498540318554543,0.968443489087851
0.858935535747457,0.21209607959032,0.409904421344218,1.0008852020748,1.07010903645147,0.934320052169207,0.458181673519746,0.568688710173989,0.990484304748299,0.859310716243511,0.487453185219978,0.140039163927698,0.993586895744139,0.620153971171965,0.424650077736206,0.968461326744678,0.531687218436472,0.761766710551592,0.20737894569949,0.418356690694138,1.08371729834187,0,0.284652431866548,0.948857459382228,0.403634179900114,0.238246899782444,0.183018486539798,0.749753753245161,1.01353202753268,0.416494828896868,0.593063458661805,0.539587604282924,0.757226190919596,0.177419545450808,1.06333198507464,0.968220448838069,1.04277438806376,0.131168906230369,0.989829974715431,0.930869852434662,0.691842517129704,0.942301480337642,0.368035055898268,0.891295279031704,0.864292925647976,1.07170789207228,0.719486719646424,0.934471207972992,0.890732516232912,0.550030765409287,0.477987803100438,1.03544110753184,0.810402205827306,0.103638722948902,0.955936292589418,1.02031039648371,0.675069215683919,0.659703021126211,1.00415499920131,1.02758848012007,0.749405472361557,0.196681088425825,0.781627299392273,0.80486172523665,0.94343194786511,0.97369052474055,1.1735559566391,0.974675020472973,0.821010403965454,0.365661132871373
1.12765913390749,0.190943070744197,0.177766143927686,1.04359713717802,1.18671390279612,1.10536530510984,0.408707375474362,0.815360626705562,1.07176964704803,0.945626374870644,0.282354188514862,0.386236594398714,1.16912283693632,0.900896217100195,0.555626281811368,0.938274824017913,0.657164470764571,0.807985879140728,0.438641816210117,0.475925880311986,1.1891471934592,0.284652431866548,0,0.966092155765276,0.155173514705199,0.156508129403712,0.410603242933218,0.935754421315127,0.990531355440754,0.427568899695511,0.769281999728022,0.79463517137209,0.976884904394464,0.122804475759617,1.22517880865718,0.951792376682041,1.15447531070112,0.254390439196893,0.972672424310001,0.99866072955133,0.676628680987454,0.977418760649752,0.245147263993499,0.968512894346332,1.02389507253927,1.19730697372663,0.796820588581784,0.907592168438126,1.03349752055083,0.808322491786801,0.658659239676089,1.23598738428612,1.05582948657215,0.308194657565675,1.07004152620777,1.09297403973773,0.667190393654706,0.941092594126756,0.997413216930085,0.991546900604015,0.597399408808865,0.206279786030612,0.908980626904991,0.682880793115761,0.921293771139689,0.966893903942154,1.34777275607219,1.02542044886353,0.909584378677727,0.633585840011441
1.07955509143374,0.906298872295144,0.996598528058741,0.57647194665918,1.11392364714931,0.58301048888785,1.00149651009212,1.22095714381925,0.380338251077374,1.08341929853814,0.997032684373995,0.899096113514309,0.6468237647447,1.15852191823808,0.702579515516157,0.591867130012372,0.612447956425782,0.367809817925658,0.869200447198552,1.04747130456412,0.908747826760321,0.948857459382228,0.966092155765276,0,0.998523205889789,0.985520061567456,1.01968748454468,0.597482153493213,0.324595541186029,0.775592881413349,0.622130381231851,0.867337408633846,0.73633087895916,0.938435725985206,0.680196540364148,0.596265284944694,0.580632466563212,0.903272242173683,0.499032088149647,0.189858231702339,0.955606436139227,0.793488795930723,0.993854983232175,0.203642792328381,0.502009343245004,1.18341825926794,1.08032235056216,0.681008127213356,0.444810652172366,0.88373371133541,0.691707107455353,0.785198730046901,0.886702141912348,0.900766391597926,1.16246506014523,0.786568209953887,0.974680796600165,1.1226073504493,0.383621150110552,0.323985114502579,0.919375836947022,0.902134179274965,0.39993135796133,0.86568555705916,0.660021604904448,0.567116878743746,0.864964510271266,0.797445478360436,1.09425228988609,1.08215247782481
1.2264022825935,0.342730879517489,0.0320360076588126,1.0205888136666,1.15760517562263,1.17204553806682,0.332392130249016,0.874063655332104,1.09115205227252,0.901453042798878,0.137331569406406,0.518819549074316,1.22952190117264,0.994239858356825,0.685746619194313,0.886005730713659,0.776178553683804,0.891823951726861,0.573305226973373,0.447817539047431,1.16876761558918,0.403634179900114,0.155173514705199,0.998523205889789,0,0.189304297141708,0.484623822158856,1.03077502730749,0.973556423053407,0.559757533742546,0.881646282162403,0.909985732419663,1.0762487268124,0.269887883281487,1.26831471291182,0.903315074051418,1.16984650290635,0.399542758185031,0.935283333476092,1.0381120551038,0.59659646617035,0.929213826048159,0.169478368234828,1.02121368073353,1.09798102742449,1.1694944139254,0.751391650176644,0.8460904161828,1.09852009628042,0.922741636381867,0.781929213910765,1.30272180995115,1.15506611605493,0.445856401942647,1.03631492942068,1.06419496676718,0.589627266426155,1.0408387316686,0.976873646275655,0.973086479649932,0.473154757615751,0.357487382444963,0.991293696104038,0.572574842305563,0.863713643101976,0.924938307414654,1.38277526510444,0.98430174176571,0.866594171429076,0.716520283415614
1.05624849177525,0.275376443277317,0.186631883690646,0.980676346965016,1.05690744490991,1.06316671077806,0.280615405735562,0.688601267401353,1.03389932148172,0.807742113182718,0.257538793276281,0.369491174410036,1.11697979982756,0.808289436850309,0.596136554728107,0.892952402157295,0.693026906295026,0.85882735585769,0.431407235603961,0.321987767176979,1.08313962701145,0.238246899782444,0.156508129403712,0.985520061567456,0.189304297141708,0,0.29554083862754,0.915250906004797,0.983567104163693,0.52319982369067,0.771997880418854,0.753428390621427,0.940370287032532,0.179932282832676,1.16189945643292,0.900507271921109,1.09120933605789,0.283574451979824,0.936479593062434,0.992318845094643,0.560872795953949,0.884126868969967,0.141286810459548,0.970238783193277,0.997070620305857,1.06101532980263,0.652671437834979,0.846556947905322,1.007237262732,0.763855819907515,0.668724756713463,1.17489060803175,1.00225802063068,0.308628221121471,0.929083483318791,0.999600223618372,0.545980986633419,0.858931662522216,0.974288055490946,0.992594273141646,0.556240575899403,0.279519781354636,0.910385226438768,0.633984129468382,0.861904266760225,0.916584317967909,1.26655602473291,0.930701462329153,0.768520597365549,0.527955057183154
0.798250568201016,0.390885538745453,0.47989418922924,0.972741653578088,0.94258237880128,0.928346770771577,0.410684979656457,0.405311732450323,0.99279897077733,0.728208011972213,0.530553582043697,0.264092059760835,0.972271862905502,0.518492014937871,0.555347450288374,0.96395270675845,0.646164105820262,0.875234088780732,0.320009012755702,0.305273580559522,0.992101251852818,0.183018486539798,0.410603242933218,1.01968748454468,0.484623822158856,0.29554083862754,0,0.778471283387012,1.05144444465648,0.590051823410125,0.662026283631578,0.541064175289733,0.760365687124611,0.334830375721857,1.02643546787598,0.956691923427624,1.00978043184427,0.313536985211136,0.995206171159416,0.973675433642907,0.617301909049139,0.877685465066349,0.384965571540294,0.945103464951726,0.881697648867844,0.932805415214028,0.585352435516178,0.912872953401802,0.908790817573649,0.544904189433191,0.566378185595069,0.998529558942246,0.783170241292402,0.27327451296094,0.812901143585331,0.950379904608754,0.593958531574556,0.578406653360485,1.02430264811549,1.0735831966227,0.75771496521492,0.377326998861029,0.839343141277609,0.802951148884285,0.923338481552813,0.963018365738077,1.10894991522781,0.905934155531684,0.685581517226768,0.233098267150916
0.510043392336444,0.803667674411963,1.03142784702829,0.793437362161111,1.02889212023514,0.277047928328893,0.990543725550514,0.836229047049537,0.563914730214308,1.01475814902654,1.0685848130793,0.641948553531488,0.363559444624815,0.666359290231749,0.476778318936195,0.923287166336561,0.386191781816591,0.467621692309955,0.587719394770667,0.938062680490144,0.900216032943948,0.749753753245161,0.935754421315127,0.597482153493213,1.03077502730749,0.915250906004797,0.778471283387012,0,0.809573936123169,0.693186494437356,0.216693213475682,0.351448692317662,0.146770246046895,0.842586161616302,0.503513405447987,0.903619261052372,0.618247120984825,0.739241316612653,0.865126487933432,0.474152910747855,1.0109274942471,0.921634059972239,0.983987008087938,0.407921746161998,0.186770388250513,1.06474572017071,0.995970382110353,0.951077320838034,0.256965889077315,0.361953197697141,0.343231032664566,0.412322837069222,0.308156241379114,0.696359245471396,1.04746466497364,0.868890033897644,1.01046049166145,0.599188307161341,0.799286967453033,0.838451489748241,1.12999103066627,0.786590669230402,0.208104029453527,1.10308555001149,0.936276824380475,0.874436033034264,0.666059036092154,0.906438021990217,1.01107198081211,0.715464924737861
1.21959636395719,0.991206956624985,0.962692698508896,0.370327028093244,0.95966359664629,0.733057113069671,0.913219054040907,1.2470799627196,0.375622357241395,0.928963291148806,0.92775900073234,1.0056179766946,0.765561626244955,1.25179561061673,0.895561004827842,0.306055182821017,0.835664742113538,0.648510459774198,0.995639287441868,0.982998890508354,0.753014383797458,1.01353202753268,0.990531355440754,0.324595541186029,0.973556423053407,0.983567104163693,1.05144444465648,0.809573936123169,0,0.938145333069392,0.843257863533771,1.03084678240623,0.925129471270069,0.993297945646164,0.735556722787745,0.319297827805939,0.535250738358021,0.994564004605371,0.207789260476239,0.378686841701981,0.78917244625211,0.574789801433154,0.945847163840776,0.452487469191804,0.694195265116654,1.03800112785805,0.948375865122956,0.414952886054632,0.626347076014269,1.04434175666287,0.892265277061185,0.902620356041312,1.05210221481899,0.996009466542917,1.01807923920889,0.599758157776913,0.816317099073936,1.23609912401643,0.102355674341388,0.0557958792820804,0.742696474748943,0.990236902846049,0.649971938311157,0.658147400925746,0.391819704963293,0.295213213327673,0.876762967135564,0.588439517164194,0.948914393142678,1.13910290005083
0.993525318633851,0.264754911610241,0.580473792325394,1.06524485643577,1.3277014374239,0.92184709553868,0.752024948632153,0.929927850558171,0.967862592609883,1.1556319325619,0.665136323232272,0.355445833586477,1.00738193614829,0.881187886614044,0.228857803245542,1.01397956851644,0.319057631728482,0.486575843529202,0.335793144541859,0.778710577388687,1.26225642186105,0.416494828896868,0.427568899695511,0.775592881413349,0.559757533742546,0.52319982369067,0.590051823410125,0.693186494437356,0.938145333069392,0,0.4868781237419,0.62293844082168,0.761159380095568,0.357025030723302,1.10530178737535,1.02426457577707,1.08873579668724,0.291516028257644,1.00025094361516,0.818987471442206,0.946146134487284,1.10406666970565,0.628302773866326,0.754390148014721,0.809802394333236,1.35220306014084,1.04275770412031,1.02628217615157,0.831488236375463,0.64343766891297,0.378857771683068,1.07852341582106,0.874424644622892,0.322350107900431,1.25828742131571,1.16809946569599,0.942944265615939,0.876587833438848,0.969301284526302,0.934774768509557,0.882622844106787,0.261761578424246,0.64683879483991,0.92991171864491,1.02756965451355,1.02191856864141,1.26581085254223,1.13453564338326,1.1295913458192,0.713653184841638
0.594603876554387,0.617482964507324,0.887556223992306,0.877448490887875,1.11769473832082,0.481604646485521,0.899695968614745,0.80430536487679,0.684228960803556,1.04641800681444,0.940997344709254,0.472727249167289,0.569181719202401,0.650029976709318,0.264630776962839,0.951575281079943,0.181674223149806,0.379156607830624,0.411747700824404,0.859632093586117,1.01424123858058,0.593063458661805,0.769281999728022,0.622130381231851,0.881646282162403,0.771997880418854,0.662026283631578,0.216693213475682,0.843257863533771,0.4868781237419,0,0.293477528465965,0.287599548047226,0.670171212976332,0.696951583221394,0.940802051122324,0.767382034406707,0.558470633638586,0.9057464817101,0.556409564315115,0.980495328468833,0.976332226764286,0.859507777116578,0.477814940346454,0.375386000361739,1.14765571409791,0.992143864189184,0.974323877411183,0.426229431189263,0.313721171432197,0.134984022613675,0.620638669326146,0.426355606268752,0.521600762154844,1.10191134302586,0.962475687702341,0.977799344502965,0.597826190827027,0.847782470576346,0.862423126571675,1.05645723637818,0.600519554260645,0.270829665297466,1.05191876114921,0.964427929235489,0.919373966692568,0.858562605815188,0.976274078650675,1.03340117182668,0.63788449067914
0.371339304714558,0.652530534383436,0.91243258248751,0.967409786091164,1.03566542946107,0.56464944974126,0.869532338478219,0.561099678009278,0.825676758908985,0.961619829228106,0.967962115979738,0.423846280774168,0.620965032068005,0.363840980286151,0.412814562160406,1.06620182805917,0.415318458003643,0.666597100901597,0.374179972432249,0.775874246622755,0.994791390666496,0.539587604282924,0.79463517137209,0.867337408633846,0.909985732419663,0.753428390621427,0.541064175289733,0.351448692317662,1.03084678240623,0.62293844082168,0.293477528465965,0,0.277732166516376,0.680700946446693,0.737427850870988,1.04750857155635,0.842404174525032,0.561242246812483,1.04128354943628,0.767311773574652,0.963034933746412,1.00255446997748,0.850507491723654,0.707940965477063,0.51549407404489,1.04347315666527,0.900205988808858,1.05956457394406,0.579117925130341,0.0223581345417825,0.28257214678224,0.61435509428732,0.294845181835085,0.500628315809936,0.993502318685978,0.98300072664753,0.950739101203965,0.30819071542008,1.01082675603646,1.05947745306275,1.11735319835053,0.631186613848961,0.512795831363008,1.11986129007723,1.05397716197582,1.02994769045131,0.845853330754115,0.997976525979991,0.940751804409352,0.423937266253261
